repeat,seed,regime,job_tag,method,epoch,loss,denoise_loss,decode_loss,val_log10_BER
3,260819,mixed,MIXED,CNN_RNND,1,1.6702151596546173,1.4201328754425049,0.25008228048682213,-0.3198974324782194
3,260819,mixed,MIXED,CNN_RNND,2,1.4802775382995605,1.2303371131420135,0.2499404400587082,
3,260819,mixed,MIXED,CNN_RNND,3,0.9861273318529129,0.7363364696502686,0.24979086592793465,
3,260819,mixed,MIXED,CNN_RNND,4,1.8811050653457642,1.631393700838089,0.24971137195825577,
3,260819,mixed,MIXED,CNN_RNND,5,1.3779352307319641,1.1284417659044266,0.24949344992637634,
3,260819,mixed,MIXED,CNN_RNND,6,1.4642125368118286,1.2147273421287537,0.24948520213365555,
3,260819,mixed,MIXED,CNN_RNND,7,1.2456426322460175,0.9965248703956604,0.24911773577332497,
3,260819,mixed,MIXED,CNN_RNND,8,0.7378763854503632,0.4889482334256172,0.24892814457416534,
3,260819,mixed,MIXED,CNN_RNND,9,0.7454540580511093,0.497234970331192,0.2482190653681755,
3,260819,mixed,MIXED,CNN_RNND,10,0.8225130587816238,0.5750312358140945,0.2474818117916584,
3,260819,mixed,MIXED,CNN_RNND,11,0.7974793016910553,0.5512173175811768,0.24626198410987854,
3,260819,mixed,MIXED,CNN_RNND,12,0.9662552773952484,0.7213696166872978,0.2448856495320797,
3,260819,mixed,MIXED,CNN_RNND,13,0.8705368638038635,0.6261584237217903,0.2443784587085247,
3,260819,mixed,MIXED,CNN_RNND,14,0.6649095714092255,0.4234800636768341,0.24142949655652046,
3,260819,mixed,MIXED,CNN_RNND,15,0.7236905992031097,0.4848873168230057,0.23880328238010406,
3,260819,mixed,MIXED,CNN_RNND,16,0.7368755489587784,0.5005966871976852,0.23627887666225433,
3,260819,mixed,MIXED,CNN_RNND,17,0.7498666197061539,0.5157415270805359,0.23412509262561798,
3,260819,mixed,MIXED,CNN_RNND,18,0.8060750216245651,0.572310596704483,0.2337644211947918,
3,260819,mixed,MIXED,CNN_RNND,19,1.1012497544288635,0.8640854954719543,0.23716427013278008,
3,260819,mixed,MIXED,CNN_RNND,20,0.8048738986253738,0.5724498778581619,0.23242400586605072,
3,260819,mixed,MIXED,CNN_RNND,21,0.8205541372299194,0.5876942798495293,0.23285984247922897,
3,260819,mixed,MIXED,CNN_RNND,22,0.6744749397039413,0.44746459275484085,0.2270103469491005,
3,260819,mixed,MIXED,CNN_RNND,23,0.6108330190181732,0.386074997484684,0.22475802153348923,
3,260819,mixed,MIXED,CNN_RNND,24,0.5904911905527115,0.3670147806406021,0.22347640991210938,
3,260819,mixed,MIXED,CNN_RNND,25,0.8013765811920166,0.5718808397650719,0.22949574142694473,
3,260819,mixed,MIXED,CNN_RNND,26,0.5425324141979218,0.3212353512644768,0.22129705920815468,
3,260819,mixed,MIXED,CNN_RNND,27,0.9165144711732864,0.684723287820816,0.2317911982536316,
3,260819,mixed,MIXED,CNN_RNND,28,0.7037851363420486,0.4800730347633362,0.22371209785342216,
3,260819,mixed,MIXED,CNN_RNND,29,0.6655066907405853,0.43987181037664413,0.2256348915398121,
3,260819,mixed,MIXED,CNN_RNND,30,0.7129032760858536,0.4865897297859192,0.2263135388493538,
3,260819,mixed,MIXED,CNN_RNND,31,0.5964173227548599,0.3740614801645279,0.22235584631562233,
3,260819,mixed,MIXED,CNN_RNND,32,0.6427767723798752,0.42119261622428894,0.22158417105674744,
3,260819,mixed,MIXED,CNN_RNND,33,0.4925604537129402,0.27649297192692757,0.21606746688485146,
3,260819,mixed,MIXED,CNN_RNND,34,0.5693539828062057,0.352144718170166,0.21720926091074944,
3,260819,mixed,MIXED,CNN_RNND,35,0.573696032166481,0.35701560601592064,0.21668043732643127,
3,260819,mixed,MIXED,CNN_RNND,36,0.6665399745106697,0.4492630586028099,0.2172769159078598,
3,260819,mixed,MIXED,CNN_RNND,37,0.6924673244357109,0.47550344467163086,0.21696387231349945,
3,260819,mixed,MIXED,CNN_RNND,38,0.5721028298139572,0.36099305003881454,0.21110977604985237,
3,260819,mixed,MIXED,CNN_RNND,39,0.6033349558711052,0.39002417773008347,0.21331077441573143,
3,260819,mixed,MIXED,CNN_RNND,40,0.6331704705953598,0.42254000157117844,0.21063046529889107,
3,260819,mixed,MIXED,CNN_RNND,41,0.5613184794783592,0.35204606503248215,0.20927241444587708,
3,260819,mixed,MIXED,CNN_RNND,42,0.6322991997003555,0.424910731613636,0.2073884718120098,
3,260819,mixed,MIXED,CNN_RNND,43,0.6122975796461105,0.40281324088573456,0.20948434621095657,
3,260819,mixed,MIXED,CNN_RNND,44,0.6141513958573341,0.4129772074520588,0.20117419213056564,
3,260819,mixed,MIXED,CNN_RNND,45,0.6476742178201675,0.4361269176006317,0.21154730394482613,
3,260819,mixed,MIXED,CNN_RNND,46,0.5450779646635056,0.34827372431755066,0.1968042403459549,
3,260819,mixed,MIXED,CNN_RNND,47,0.6225418746471405,0.4181823134422302,0.20435956865549088,
3,260819,mixed,MIXED,CNN_RNND,48,0.5293127447366714,0.3356828838586807,0.19362985342741013,
3,260819,mixed,MIXED,CNN_RNND,49,0.5920610353350639,0.3938013166189194,0.19825972244143486,
3,260819,mixed,MIXED,CNN_RNND,50,0.5462577044963837,0.34983185306191444,0.19642585888504982,
3,260819,mixed,MIXED,CNN_RNND,51,0.6540705859661102,0.4523355960845947,0.2017349898815155,
3,260819,mixed,MIXED,CNN_RNND,52,0.5535235926508904,0.3613121658563614,0.19221142679452896,
3,260819,mixed,MIXED,CNN_RNND,53,0.5877178907394409,0.3974166475236416,0.19030124694108963,
3,260819,mixed,MIXED,CNN_RNND,54,0.4992218539118767,0.31341109424829483,0.18581076338887215,
3,260819,mixed,MIXED,CNN_RNND,55,0.43620574474334717,0.25731052085757256,0.17889522016048431,
3,260819,mixed,MIXED,CNN_RNND,56,0.6672189086675644,0.47086919844150543,0.19634970277547836,
3,260819,mixed,MIXED,CNN_RNND,57,0.5675737112760544,0.3834310621023178,0.18414266407489777,
3,260819,mixed,MIXED,CNN_RNND,58,0.5095136389136314,0.32959986478090286,0.17991377413272858,
3,260819,mixed,MIXED,CNN_RNND,59,0.6449695080518723,0.4471186101436615,0.19785091280937195,
3,260819,mixed,MIXED,CNN_RNND,60,0.566119872033596,0.380431592464447,0.1856882944703102,
3,260819,mixed,MIXED,CNN_RNND,61,0.4558974727988243,0.27950214594602585,0.17639533057808876,
3,260819,mixed,MIXED,CNN_RNND,62,0.6142360642552376,0.4256347566843033,0.1886013261973858,
3,260819,mixed,MIXED,CNN_RNND,63,0.6170060783624649,0.4299599304795265,0.1870461441576481,
3,260819,mixed,MIXED,CNN_RNND,64,0.43543507903814316,0.2672325633466244,0.16820251941680908,
3,260819,mixed,MIXED,CNN_RNND,65,0.49726396799087524,0.3203264996409416,0.17693745717406273,
3,260819,mixed,MIXED,CNN_RNND,66,0.5376210063695908,0.3607300817966461,0.17689092084765434,
3,260819,mixed,MIXED,CNN_RNND,67,0.7151149064302444,0.5208202004432678,0.19429470598697662,
3,260819,mixed,MIXED,CNN_RNND,68,0.5682459101080894,0.38631029427051544,0.1819356083869934,
3,260819,mixed,MIXED,CNN_RNND,69,0.5862459242343903,0.40076684206724167,0.1854790672659874,
3,260819,mixed,MIXED,CNN_RNND,70,0.5831521898508072,0.4042159803211689,0.1789362095296383,
3,260819,mixed,MIXED,CNN_RNND,71,0.6913192719221115,0.49653210490942,0.1947871521115303,
3,260819,mixed,MIXED,CNN_RNND,72,0.4818514436483383,0.31108058989048004,0.17077085748314857,
3,260819,mixed,MIXED,CNN_RNND,73,0.4349631443619728,0.27014360949397087,0.16481953859329224,
3,260819,mixed,MIXED,CNN_RNND,74,0.5356535390019417,0.3686751276254654,0.1669784151017666,
3,260819,mixed,MIXED,CNN_RNND,75,0.6057446226477623,0.42155661433935165,0.18418802320957184,
3,260819,mixed,MIXED,CNN_RNND,76,0.5234190598130226,0.3554293066263199,0.16798974946141243,
3,260819,mixed,MIXED,CNN_RNND,77,0.6213461458683014,0.43180152773857117,0.18954460322856903,
3,260819,mixed,MIXED,CNN_RNND,78,0.5417428910732269,0.37211330235004425,0.16962959244847298,
3,260819,mixed,MIXED,CNN_RNND,79,0.48347920924425125,0.31906816363334656,0.1644110530614853,
3,260819,mixed,MIXED,CNN_RNND,80,0.3725442439317703,0.21871057152748108,0.15383366867899895,
3,260819,mixed,MIXED,CNN_RNND,81,0.5393806844949722,0.3684314042329788,0.17094926536083221,
3,260819,mixed,MIXED,CNN_RNND,82,0.621192529797554,0.4429117664694786,0.1782807633280754,
3,260819,mixed,MIXED,CNN_RNND,83,0.4146552309393883,0.2620388865470886,0.15261633321642876,
3,260819,mixed,MIXED,CNN_RNND,84,0.5882407575845718,0.41573889553546906,0.1725018508732319,
3,260819,mixed,MIXED,CNN_RNND,85,0.5729394778609276,0.4008905813097954,0.1720489040017128,
3,260819,mixed,MIXED,CNN_RNND,86,0.5928696542978287,0.40714970976114273,0.18571994453668594,
3,260819,mixed,MIXED,CNN_RNND,87,0.5246289819478989,0.35839612782001495,0.1662328541278839,
3,260819,mixed,MIXED,CNN_RNND,88,0.44309014081954956,0.2839602157473564,0.15912993252277374,
3,260819,mixed,MIXED,CNN_RNND,89,0.5030696094036102,0.3353032022714615,0.16776640713214874,
3,260819,mixed,MIXED,CNN_RNND,90,0.5097156651318073,0.3513544835150242,0.15836118534207344,
3,260819,mixed,MIXED,CNN_RNND,91,0.4249017983675003,0.2705570459365845,0.15434475243091583,
3,260819,mixed,MIXED,CNN_RNND,92,0.5800884291529655,0.41106459498405457,0.1690238192677498,
3,260819,mixed,MIXED,CNN_RNND,93,0.40742936730384827,0.2570927068591118,0.15033666044473648,
3,260819,mixed,MIXED,CNN_RNND,94,0.5090178325772285,0.34380998834967613,0.16520783677697182,
3,260819,mixed,MIXED,CNN_RNND,95,0.5564434677362442,0.3867337927222252,0.1697096824645996,
3,260819,mixed,MIXED,CNN_RNND,96,0.552141010761261,0.3878070041537285,0.1643340140581131,
3,260819,mixed,MIXED,CNN_RNND,97,0.6461036205291748,0.4637191817164421,0.1823844350874424,
3,260819,mixed,MIXED,CNN_RNND,98,0.5568145737051964,0.3875001594424248,0.1693144142627716,
3,260819,mixed,MIXED,CNN_RNND,99,0.567835122346878,0.40446824952960014,0.1633668802678585,
3,260819,mixed,MIXED,CNN_RNND,100,0.5174311473965645,0.3514602854847908,0.16597086191177368,
3,260819,mixed,MIXED,CNN_RNND,101,0.41098062694072723,0.26626645773649216,0.14471416734158993,
3,260819,mixed,MIXED,CNN_RNND,102,0.5088004618883133,0.340818103402853,0.16798236593604088,
3,260819,mixed,MIXED,CNN_RNND,103,0.557748056948185,0.3937467709183693,0.16400127485394478,
3,260819,mixed,MIXED,CNN_RNND,104,0.46160871535539627,0.30865244194865227,0.152956273406744,
3,260819,mixed,MIXED,CNN_RNND,105,0.502462774515152,0.347635705024004,0.1548270657658577,
3,260819,mixed,MIXED,CNN_RNND,106,0.5959257110953331,0.4269496276974678,0.1689760759472847,
3,260819,mixed,MIXED,CNN_RNND,107,0.4355625584721565,0.2867765426635742,0.1487860158085823,
3,260819,mixed,MIXED,CNN_RNND,108,0.6299290433526039,0.44922661781311035,0.18070241436362267,
3,260819,mixed,MIXED,CNN_RNND,109,0.5637279972434044,0.4026448503136635,0.1610831469297409,
3,260819,mixed,MIXED,CNN_RNND,110,0.3786763846874237,0.23810923844575882,0.1405671425163746,
3,260819,mixed,MIXED,CNN_RNND,111,0.4900597035884857,0.3323214501142502,0.15773825719952583,
3,260819,mixed,MIXED,CNN_RNND,112,0.5801373571157455,0.41426172852516174,0.1658756285905838,
3,260819,mixed,MIXED,CNN_RNND,113,0.37903790548443794,0.23939543217420578,0.13964247331023216,
3,260819,mixed,MIXED,CNN_RNND,114,0.5647668093442917,0.3994467705488205,0.1653200462460518,
3,260819,mixed,MIXED,CNN_RNND,115,0.5872873514890671,0.4183468222618103,0.16894052550196648,
3,260819,mixed,MIXED,CNN_RNND,116,0.5716182440519333,0.40177032351493835,0.16984792426228523,
3,260819,mixed,MIXED,CNN_RNND,117,0.3843458443880081,0.24697665497660637,0.1373691875487566,
3,260819,mixed,MIXED,CNN_RNND,118,0.4593127518892288,0.3122202157974243,0.1470925360918045,
3,260819,mixed,MIXED,CNN_RNND,119,0.499537892639637,0.3399945795536041,0.15954330936074257,
3,260819,mixed,MIXED,CNN_RNND,120,0.5361876636743546,0.3700522482395172,0.16613540798425674,
3,260819,mixed,MIXED,CNN_RNND,121,0.5049905404448509,0.34302474558353424,0.16196579113602638,
3,260819,mixed,MIXED,CNN_RNND,122,0.3692932799458504,0.234928285703063,0.1343649998307228,
3,260819,mixed,MIXED,CNN_RNND,123,0.6445843502879143,0.46554888784885406,0.17903545498847961,
3,260819,mixed,MIXED,CNN_RNND,124,0.4563789963722229,0.30790527909994125,0.1484737191349268,
3,260819,mixed,MIXED,CNN_RNND,125,0.5006157532334328,0.3433016464114189,0.15731411054730415,
3,260819,mixed,MIXED,CNN_RNND,126,0.6257789433002472,0.45279479026794434,0.17298413068056107,
3,260819,mixed,MIXED,CNN_RNND,127,0.4312036707997322,0.28491929545998573,0.14628437533974648,
3,260819,mixed,MIXED,CNN_RNND,128,0.5815894454717636,0.41431269980967045,0.1672767549753189,
3,260819,mixed,MIXED,CNN_RNND,129,0.4337884783744812,0.2915952056646347,0.1421932764351368,
3,260819,mixed,MIXED,CNN_RNND,130,0.4188753142952919,0.27226589620113373,0.14660942554473877,
3,260819,mixed,MIXED,CNN_RNND,131,0.5165987014770508,0.3648984208703041,0.15170028060674667,
3,260819,mixed,MIXED,CNN_RNND,132,0.4990198463201523,0.34548212587833405,0.15353772789239883,
3,260819,mixed,MIXED,CNN_RNND,133,0.51565220952034,0.3577679954469204,0.15788421779870987,
3,260819,mixed,MIXED,CNN_RNND,134,0.43658823519945145,0.2959255799651146,0.14066265523433685,
3,260819,mixed,MIXED,CNN_RNND,135,0.6205190941691399,0.443905558437109,0.17661354504525661,
3,260819,mixed,MIXED,CNN_RNND,136,0.5193619877099991,0.35362987220287323,0.16573211178183556,
3,260819,mixed,MIXED,CNN_RNND,137,0.44914761185646057,0.294801764190197,0.15434585697948933,
3,260819,mixed,MIXED,CNN_RNND,138,0.5090801268815994,0.34896088019013405,0.16011925414204597,
3,260819,mixed,MIXED,CNN_RNND,139,0.6247952058911324,0.45440951734781265,0.1703856848180294,
3,260819,mixed,MIXED,CNN_RNND,140,0.48314449191093445,0.327176121994853,0.15596837922930717,
3,260819,mixed,MIXED,CNN_RNND,141,0.559654988348484,0.39790600538253784,0.1617489755153656,
3,260819,mixed,MIXED,CNN_RNND,142,0.5386076793074608,0.377710722386837,0.16089694574475288,
3,260819,mixed,MIXED,CNN_RNND,143,0.40927277505397797,0.27489555068314075,0.13437722250819206,
3,260819,mixed,MIXED,CNN_RNND,144,0.4017038643360138,0.26152364164590836,0.14018022641539574,
3,260819,mixed,MIXED,CNN_RNND,145,0.384634654968977,0.2496747449040413,0.13495991751551628,
3,260819,mixed,MIXED,CNN_RNND,146,0.5139968395233154,0.35858580470085144,0.1554110236465931,
3,260819,mixed,MIXED,CNN_RNND,147,0.5043162032961845,0.3556668162345886,0.14864939078688622,
3,260819,mixed,MIXED,CNN_RNND,148,0.46004780381917953,0.31463273987174034,0.1454150676727295,
3,260819,mixed,MIXED,CNN_RNND,149,0.44028381258249283,0.29853904247283936,0.14174476265907288,
3,260819,mixed,MIXED,CNN_RNND,150,0.46023960411548615,0.3190781809389591,0.14116141200065613,
3,260819,mixed,MIXED,CNN_RNND,151,0.5465417429804802,0.3845452256500721,0.1619965061545372,
3,260819,mixed,MIXED,CNN_RNND,152,0.40573715046048164,0.267225394025445,0.1385117545723915,
3,260819,mixed,MIXED,CNN_RNND,153,0.4563788175582886,0.3111628368496895,0.1452159769833088,
3,260819,mixed,MIXED,CNN_RNND,154,0.5092057138681412,0.34799444675445557,0.1612112559378147,
3,260819,mixed,MIXED,CNN_RNND,155,0.514988549053669,0.35614701732993126,0.15884153544902802,
3,260819,mixed,MIXED,CNN_RNND,156,0.621284157037735,0.4453396089375019,0.17594454437494278,
3,260819,mixed,MIXED,CNN_RNND,157,0.6319093331694603,0.4643405079841614,0.16756883636116982,
3,260819,mixed,MIXED,CNN_RNND,158,0.46843910962343216,0.32429107651114464,0.14414804428815842,
3,260819,mixed,MIXED,CNN_RNND,159,0.41707316040992737,0.2784891240298748,0.13858402892947197,
3,260819,mixed,MIXED,CNN_RNND,160,0.5257891193032265,0.3644297942519188,0.16135931760072708,
3,260819,mixed,MIXED,CNN_RNND,161,0.4047791212797165,0.26739196106791496,0.13738716579973698,
3,260819,mixed,MIXED,CNN_RNND,162,0.6687289625406265,0.4902121499180794,0.17851682007312775,
3,260819,mixed,MIXED,CNN_RNND,163,0.3658352345228195,0.23354841955006123,0.13228681683540344,
3,260819,mixed,MIXED,CNN_RNND,164,0.5572761446237564,0.3936377242207527,0.1636384129524231,
3,260819,mixed,MIXED,CNN_RNND,165,0.5559536814689636,0.39468733966350555,0.16126634180545807,
3,260819,mixed,MIXED,CNN_RNND,166,0.5647835396230221,0.4008408710360527,0.16394268348813057,
3,260819,mixed,MIXED,CNN_RNND,167,0.5640293061733246,0.4014996886253357,0.1625296138226986,
3,260819,mixed,MIXED,CNN_RNND,168,0.5800528563559055,0.41628109849989414,0.1637717466801405,
3,260819,mixed,MIXED,CNN_RNND,169,0.5498636960983276,0.38765106350183487,0.16221261397004128,
3,260819,mixed,MIXED,CNN_RNND,170,0.6220889389514923,0.4518821984529495,0.17020674422383308,
3,260819,mixed,MIXED,CNN_RNND,171,0.3457001745700836,0.217315174639225,0.12838500551879406,
3,260819,mixed,MIXED,CNN_RNND,172,0.4333123452961445,0.29042847268283367,0.14288387261331081,
3,260819,mixed,MIXED,CNN_RNND,173,0.5376255661249161,0.38184860348701477,0.155776958912611,
3,260819,mixed,MIXED,CNN_RNND,174,0.4713721424341202,0.3294331356883049,0.14193899929523468,
3,260819,mixed,MIXED,CNN_RNND,175,0.48832373321056366,0.3381628915667534,0.15016085281968117,
3,260819,mixed,MIXED,CNN_RNND,176,0.5879990831017494,0.4266168251633644,0.161382257938385,
3,260819,mixed,MIXED,CNN_RNND,177,0.5515152886509895,0.39030933380126953,0.1612059511244297,
3,260819,mixed,MIXED,CNN_RNND,178,0.4426255375146866,0.29681502282619476,0.14581050351262093,
3,260819,mixed,MIXED,CNN_RNND,179,0.4474135860800743,0.3073033094406128,0.14011026918888092,
3,260819,mixed,MIXED,CNN_RNND,180,0.39788106828927994,0.2690000683069229,0.12888099625706673,
3,260819,mixed,MIXED,CNN_RNND,181,0.34152714163064957,0.21957992389798164,0.12194721400737762,
3,260819,mixed,MIXED,CNN_RNND,182,0.3816710561513901,0.24593240022659302,0.13573864847421646,
3,260819,mixed,MIXED,CNN_RNND,183,0.6602714210748672,0.4945363700389862,0.16573502868413925,
3,260819,mixed,MIXED,CNN_RNND,184,0.5767030492424965,0.41798391193151474,0.15871914476156235,
3,260819,mixed,MIXED,CNN_RNND,185,0.49170980602502823,0.3411882109940052,0.15052160806953907,
3,260819,mixed,MIXED,CNN_RNND,186,0.8307696282863617,0.6277088969945908,0.20306073129177094,
3,260819,mixed,MIXED,CNN_RNND,187,0.48431941866874695,0.33495455980300903,0.1493648663163185,
3,260819,mixed,MIXED,CNN_RNND,188,0.4470120668411255,0.3036362826824188,0.14337577298283577,
3,260819,mixed,MIXED,CNN_RNND,189,0.48689015209674835,0.3427467718720436,0.1441433746367693,
3,260819,mixed,MIXED,CNN_RNND,190,0.46519462764263153,0.3201936297118664,0.14500100538134575,
3,260819,mixed,MIXED,CNN_RNND,191,0.46081070229411125,0.3167266324162483,0.14408407732844353,
3,260819,mixed,MIXED,CNN_RNND,192,0.4382631704211235,0.3012504354119301,0.13701274245977402,
3,260819,mixed,MIXED,CNN_RNND,193,0.5425190404057503,0.3828984573483467,0.15962057933211327,
3,260819,mixed,MIXED,CNN_RNND,194,0.49695777893066406,0.3505208306014538,0.14643695577979088,
3,260819,mixed,MIXED,CNN_RNND,195,0.49403615295886993,0.34444867074489594,0.149587482213974,
3,260819,mixed,MIXED,CNN_RNND,196,0.4845655858516693,0.3381498344242573,0.14641575329005718,
3,260819,mixed,MIXED,CNN_RNND,197,0.4927634447813034,0.3479454293847084,0.1448180191218853,
3,260819,mixed,MIXED,CNN_RNND,198,0.47055143117904663,0.32692325860261917,0.1436281781643629,
3,260819,mixed,MIXED,CNN_RNND,199,0.5352893844246864,0.3766031786799431,0.15868620574474335,
3,260819,mixed,MIXED,CNN_RNND,200,0.44112734496593475,0.30394505336880684,0.13718229159712791,-0.5863798627299033
3,260819,mixed,MIXED,CNN_RNND,201,0.3665633276104927,0.24166042357683182,0.12490291148424149,
3,260819,mixed,MIXED,CNN_RNND,202,0.3642777279019356,0.23648676648736,0.12779095582664013,
3,260819,mixed,MIXED,CNN_RNND,203,0.49768978357315063,0.3489193059504032,0.14877046272158623,
3,260819,mixed,MIXED,CNN_RNND,204,0.5263373330235481,0.3774682804942131,0.14886905625462532,
3,260819,mixed,MIXED,CNN_RNND,205,0.4703633412718773,0.328804686665535,0.1415586657822132,
3,260819,mixed,MIXED,CNN_RNND,206,0.5170852318406105,0.37169645726680756,0.14538877829909325,
3,260819,mixed,MIXED,CNN_RNND,207,0.5325522311031818,0.3782196715474129,0.15433254465460777,
3,260819,mixed,MIXED,CNN_RNND,208,0.41785047948360443,0.2783704437315464,0.13948003202676773,
3,260819,mixed,MIXED,CNN_RNND,209,0.5183295607566833,0.36809718422591686,0.1502323653548956,
3,260819,mixed,MIXED,CNN_RNND,210,0.44462746754288673,0.3080247901380062,0.13660266622900963,
3,260819,mixed,MIXED,CNN_RNND,211,0.5029391199350357,0.3615925572812557,0.14134655892848969,
3,260819,mixed,MIXED,CNN_RNND,212,0.4764145687222481,0.33507780730724335,0.14133675955235958,
3,260819,mixed,MIXED,CNN_RNND,213,0.516102746129036,0.3621170148253441,0.15398573130369186,
3,260819,mixed,MIXED,CNN_RNND,214,0.5350596830248833,0.3855964057147503,0.14946326985955238,
3,260819,mixed,MIXED,CNN_RNND,215,0.5543020963668823,0.3987108990550041,0.15559119917452335,
3,260819,mixed,MIXED,CNN_RNND,216,0.40564872324466705,0.2709681950509548,0.13468052074313164,
3,260819,mixed,MIXED,CNN_RNND,217,0.47477003931999207,0.32661281153559685,0.14815722778439522,
3,260819,mixed,MIXED,CNN_RNND,218,0.4819369912147522,0.33559226244688034,0.14634473249316216,
3,260819,mixed,MIXED,CNN_RNND,219,0.3435179628431797,0.22364046052098274,0.11987750604748726,
3,260819,mixed,MIXED,CNN_RNND,220,0.4844234585762024,0.34430449083447456,0.14011895842850208,
3,260819,mixed,MIXED,CNN_RNND,221,0.5451899692416191,0.388610415160656,0.15657955035567284,
3,260819,mixed,MIXED,CNN_RNND,222,0.4906028062105179,0.3424017056822777,0.1482010968029499,
3,260819,mixed,MIXED,CNN_RNND,223,0.5733669996261597,0.4130086600780487,0.16035835072398186,
3,260819,mixed,MIXED,CNN_RNND,224,0.6035766676068306,0.4435523971915245,0.1600242778658867,
3,260819,mixed,MIXED,CNN_RNND,225,0.5142384693026543,0.3692920356988907,0.1449464149773121,
3,260819,mixed,MIXED,CNN_RNND,226,0.3566463515162468,0.23138614371418953,0.12526020780205727,
3,260819,mixed,MIXED,CNN_RNND,227,0.5491275042295456,0.39601069688796997,0.15311680361628532,
3,260819,mixed,MIXED,CNN_RNND,228,0.4409850984811783,0.3048719074577093,0.13611319661140442,
3,260819,mixed,MIXED,CNN_RNND,229,0.528574988245964,0.3767635300755501,0.15181145071983337,
3,260819,mixed,MIXED,CNN_RNND,230,0.42094073444604874,0.28798121586441994,0.1329595223069191,
3,260819,mixed,MIXED,CNN_RNND,231,0.4759034141898155,0.3374432846903801,0.13846012763679028,
3,260819,mixed,MIXED,CNN_RNND,232,0.529473751783371,0.3815583363175392,0.14791540801525116,
3,260819,mixed,MIXED,CNN_RNND,233,0.5306089669466019,0.37756602838635445,0.15304295346140862,
3,260819,mixed,MIXED,CNN_RNND,234,0.6684588119387627,0.4941956698894501,0.17426315695047379,
3,260819,mixed,MIXED,CNN_RNND,235,0.477388858795166,0.3322942741215229,0.14509458281099796,
3,260819,mixed,MIXED,CNN_RNND,236,0.5360838919878006,0.3830442875623703,0.15303961373865604,
3,260819,mixed,MIXED,CNN_RNND,237,0.6651265621185303,0.49691755324602127,0.1682089976966381,
3,260819,mixed,MIXED,CNN_RNND,238,0.5245822668075562,0.3777848705649376,0.14679740741848946,
3,260819,mixed,MIXED,CNN_RNND,239,0.5163074880838394,0.36796021834015846,0.14834726974368095,
3,260819,mixed,MIXED,CNN_RNND,240,0.5817016065120697,0.42717327922582626,0.15452833101153374,
3,260819,mixed,MIXED,CNN_RNND,241,0.4846247509121895,0.34001708030700684,0.14460766315460205,
3,260819,mixed,MIXED,CNN_RNND,242,0.49366339296102524,0.34956251084804535,0.1441008858382702,
3,260819,mixed,MIXED,CNN_RNND,243,0.44842906296253204,0.31173295713961124,0.13669610023498535,
3,260819,mixed,MIXED,CNN_RNND,244,0.49197976291179657,0.3519122563302517,0.14006750471889973,
3,260819,mixed,MIXED,CNN_RNND,245,0.4852508157491684,0.3502768948674202,0.1349739283323288,
3,260819,mixed,MIXED,CNN_RNND,246,0.44654079526662827,0.31155039742588997,0.1349904015660286,
3,260819,mixed,MIXED,CNN_RNND,247,0.4537125676870346,0.3159833028912544,0.13772926293313503,
3,260819,mixed,MIXED,CNN_RNND,248,0.5878015458583832,0.4316868968307972,0.1561146415770054,
3,260819,mixed,MIXED,CNN_RNND,249,0.4280504360795021,0.29604972153902054,0.13200072199106216,
3,260819,mixed,MIXED,CNN_RNND,250,0.4601511210203171,0.32401956990361214,0.13613156229257584,
3,260819,mixed,MIXED,CNN_RNND,251,0.4543314650654793,0.3197048753499985,0.13462659530341625,
3,260819,mixed,MIXED,CNN_RNND,252,0.48764485865831375,0.349803876131773,0.137840973213315,
3,260819,mixed,MIXED,CNN_RNND,253,0.49868571013212204,0.3553934916853905,0.14329222403466702,
3,260819,mixed,MIXED,CNN_RNND,254,0.34421520307660103,0.22801663726568222,0.11619856767356396,
3,260819,mixed,MIXED,CNN_RNND,255,0.594641201198101,0.438919335603714,0.15572186186909676,
3,260819,mixed,MIXED,CNN_RNND,256,0.5143172889947891,0.3721810430288315,0.14213623106479645,
3,260819,mixed,MIXED,CNN_RNND,257,0.4166499003767967,0.28685957565903664,0.12979032285511494,
3,260819,mixed,MIXED,CNN_RNND,258,0.5954496115446091,0.43750131130218506,0.157948300242424,
3,260819,mixed,MIXED,CNN_RNND,259,0.3274143375456333,0.20781852304935455,0.11959581449627876,
3,260819,mixed,MIXED,CNN_RNND,260,0.490956362336874,0.3446809910237789,0.1462753787636757,
3,260819,mixed,MIXED,CNN_RNND,261,0.31669002398848534,0.1988446768373251,0.11784534156322479,
3,260819,mixed,MIXED,CNN_RNND,262,0.4400089159607887,0.3028068244457245,0.13720209896564484,
3,260819,mixed,MIXED,CNN_RNND,263,0.4284200929105282,0.29892659932374954,0.1294934879988432,
3,260819,mixed,MIXED,CNN_RNND,264,0.48744431138038635,0.3449382707476616,0.14250605553388596,
3,260819,mixed,MIXED,CNN_RNND,265,0.44828854501247406,0.3110601417720318,0.13722840696573257,
3,260819,mixed,MIXED,CNN_RNND,266,0.5387629568576813,0.3883764520287514,0.1503865011036396,
3,260819,mixed,MIXED,CNN_RNND,267,0.5825877338647842,0.43125302344560623,0.1513347178697586,
3,260819,mixed,MIXED,CNN_RNND,268,0.37797000259160995,0.25405994802713394,0.12391004897654057,
3,260819,mixed,MIXED,CNN_RNND,269,0.421539980918169,0.2929988391697407,0.12854114174842834,
3,260819,mixed,MIXED,CNN_RNND,270,0.3782329484820366,0.25250764936208725,0.12572530284523964,
3,260819,mixed,MIXED,CNN_RNND,271,0.44311200082302094,0.3042215518653393,0.13889044150710106,
3,260819,mixed,MIXED,CNN_RNND,272,0.5400864034891129,0.3954687900841236,0.14461761713027954,
3,260819,mixed,MIXED,CNN_RNND,273,0.48330625146627426,0.3475272059440613,0.13577904924750328,
3,260819,mixed,MIXED,CNN_RNND,274,0.43592900037765503,0.30524249374866486,0.13068650290369987,
3,260819,mixed,MIXED,CNN_RNND,275,0.33598897606134415,0.21827030181884766,0.11771866865456104,
3,260819,mixed,MIXED,CNN_RNND,276,0.4599892646074295,0.32611918076872826,0.13387009128928185,
3,260819,mixed,MIXED,CNN_RNND,277,0.44667690619826317,0.31580519303679466,0.1308717094361782,
3,260819,mixed,MIXED,CNN_RNND,278,0.654523104429245,0.4812218174338341,0.17330128327012062,
3,260819,mixed,MIXED,CNN_RNND,279,0.3911941573023796,0.2643194906413555,0.12687467597424984,
3,260819,mixed,MIXED,CNN_RNND,280,0.5071481093764305,0.3618074506521225,0.14534065872430801,
3,260819,mixed,MIXED,CNN_RNND,281,0.32087451592087746,0.20317601412534714,0.11769850552082062,
3,260819,mixed,MIXED,CNN_RNND,282,0.4255201071500778,0.2955377660691738,0.12998233921825886,
3,260819,mixed,MIXED,CNN_RNND,283,0.5116895064711571,0.3688947781920433,0.14279473200440407,
3,260819,mixed,MIXED,CNN_RNND,284,0.26081330329179764,0.15278801135718822,0.10802529752254486,
3,260819,mixed,MIXED,CNN_RNND,285,0.5050786063075066,0.3690962418913841,0.13598235696554184,
3,260819,mixed,MIXED,CNN_RNND,286,0.38200777769088745,0.256118968129158,0.12588881142437458,
3,260819,mixed,MIXED,CNN_RNND,287,0.40542715787887573,0.27569131925702095,0.12973583862185478,
3,260819,mixed,MIXED,CNN_RNND,288,0.43807758390903473,0.30977314710617065,0.12830443494021893,
3,260819,mixed,MIXED,CNN_RNND,289,0.44356662034988403,0.31281425431370735,0.13075235858559608,
3,260819,mixed,MIXED,CNN_RNND,290,0.45658501982688904,0.31701653078198433,0.13956849090754986,
3,260819,mixed,MIXED,CNN_RNND,291,0.4829375147819519,0.34575749561190605,0.1371800098568201,
3,260819,mixed,MIXED,CNN_RNND,292,0.4745778441429138,0.33307474851608276,0.1415030974894762,
3,260819,mixed,MIXED,CNN_RNND,293,0.4071151576936245,0.27641667053103447,0.13069849461317062,
3,260819,mixed,MIXED,CNN_RNND,294,0.4195788875222206,0.28906901367008686,0.1305098831653595,
3,260819,mixed,MIXED,CNN_RNND,295,0.6338329166173935,0.47394926846027374,0.15988364443182945,
3,260819,mixed,MIXED,CNN_RNND,296,0.5918016135692596,0.4360320642590523,0.15576954558491707,
3,260819,mixed,MIXED,CNN_RNND,297,0.4405708387494087,0.3083784058690071,0.13219242729246616,
3,260819,mixed,MIXED,CNN_RNND,298,0.5322714671492577,0.381595179438591,0.15067628771066666,
3,260819,mixed,MIXED,CNN_RNND,299,0.5288918167352676,0.38910770416259766,0.13978410512208939,
3,260819,mixed,MIXED,CNN_RNND,300,0.43701521307229996,0.30758821591734886,0.1294270008802414,
3,260819,mixed,MIXED,CNN_RNND,301,0.4515992999076843,0.3205589987337589,0.13104030303657055,
3,260819,mixed,MIXED,CNN_RNND,302,0.5332296192646027,0.3850562497973442,0.14817336201667786,
3,260819,mixed,MIXED,CNN_RNND,303,0.43407299369573593,0.30161748826503754,0.1324555054306984,
3,260819,mixed,MIXED,CNN_RNND,304,0.6032296866178513,0.44478514790534973,0.15844451636075974,
3,260819,mixed,MIXED,CNN_RNND,305,0.4449724033474922,0.31170288287103176,0.13326953165233135,
3,260819,mixed,MIXED,CNN_RNND,306,0.3330560550093651,0.21467359736561775,0.11838246136903763,
3,260819,mixed,MIXED,CNN_RNND,307,0.3384156823158264,0.21917090564966202,0.1192447766661644,
3,260819,mixed,MIXED,CNN_RNND,308,0.5816882401704788,0.42833173274993896,0.15335651114583015,
3,260819,mixed,MIXED,CNN_RNND,309,0.5817535817623138,0.4263197183609009,0.15543385967612267,
3,260819,mixed,MIXED,CNN_RNND,310,0.5591740757226944,0.4131254777312279,0.14604858681559563,
3,260819,mixed,MIXED,CNN_RNND,311,0.5134771019220352,0.371555432677269,0.14192166551947594,
3,260819,mixed,MIXED,CNN_RNND,312,0.39003652334213257,0.26590869575738907,0.1241278387606144,
3,260819,mixed,MIXED,CNN_RNND,313,0.3840261772274971,0.25591512210667133,0.12811105884611607,
3,260819,mixed,MIXED,CNN_RNND,314,0.40388040989637375,0.274198230355978,0.12968218326568604,
3,260819,mixed,MIXED,CNN_RNND,315,0.42415137216448784,0.28962448239326477,0.13452689349651337,
3,260819,mixed,MIXED,CNN_RNND,316,0.4352348521351814,0.30773819983005524,0.12749664671719074,
3,260819,mixed,MIXED,CNN_RNND,317,0.5115924328565598,0.36488938331604004,0.14670304954051971,
3,260819,mixed,MIXED,CNN_RNND,318,0.39583759009838104,0.2703346610069275,0.125502934679389,
3,260819,mixed,MIXED,CNN_RNND,319,0.44834934175014496,0.31706925481557846,0.1312800869345665,
3,260819,mixed,MIXED,CNN_RNND,320,0.6238607615232468,0.45838816463947296,0.1654725968837738,
3,260819,mixed,MIXED,CNN_RNND,321,0.5400681272149086,0.39533835276961327,0.14472978375852108,
3,260819,mixed,MIXED,CNN_RNND,322,0.5128211826086044,0.37082018703222275,0.1420009881258011,
3,260819,mixed,MIXED,CNN_RNND,323,0.6008262634277344,0.4425584375858307,0.15826783142983913,
3,260819,mixed,MIXED,CNN_RNND,324,0.5850794985890388,0.42785437405109406,0.1572251208126545,
3,260819,mixed,MIXED,CNN_RNND,325,0.5021715834736824,0.36191025748848915,0.14026132598519325,
3,260819,mixed,MIXED,CNN_RNND,326,0.468388095498085,0.32982828840613365,0.13855980336666107,
3,260819,mixed,MIXED,CNN_RNND,327,0.6260362267494202,0.4633873701095581,0.16264884918928146,
3,260819,mixed,MIXED,CNN_RNND,328,0.39214661344885826,0.262339573353529,0.12980704754590988,
3,260819,mixed,MIXED,CNN_RNND,329,0.4367710128426552,0.3038237951695919,0.13294722698628902,
3,260819,mixed,MIXED,CNN_RNND,330,0.49763864278793335,0.3574617803096771,0.14017685502767563,
3,260819,mixed,MIXED,CNN_RNND,331,0.44225772470235825,0.31168539822101593,0.13057232834398746,
3,260819,mixed,MIXED,CNN_RNND,332,0.49319347739219666,0.34829457849264145,0.14489889331161976,
3,260819,mixed,MIXED,CNN_RNND,333,0.2527224197983742,0.14462732151150703,0.10809509642422199,
3,260819,mixed,MIXED,CNN_RNND,334,0.38571807742118835,0.2645171023905277,0.12120097875595093,
3,260819,mixed,MIXED,CNN_RNND,335,0.4764276444911957,0.33908403664827347,0.1373436003923416,
3,260819,mixed,MIXED,CNN_RNND,336,0.44168806821107864,0.3106431569904089,0.1310449093580246,
3,260819,mixed,MIXED,CNN_RNND,337,0.4215695858001709,0.2907984182238579,0.13077116571366787,
3,260819,mixed,MIXED,CNN_RNND,338,0.5615224540233612,0.41146836429834366,0.1500540729612112,
3,260819,mixed,MIXED,CNN_RNND,339,0.4566272795200348,0.3195638060569763,0.13706347718834877,
3,260819,mixed,MIXED,CNN_RNND,340,0.43988968059420586,0.3024699427187443,0.13741973415017128,
3,260819,mixed,MIXED,CNN_RNND,341,0.40724680572748184,0.2761395648121834,0.13110724091529846,
3,260819,mixed,MIXED,CNN_RNND,342,0.4263492822647095,0.2989965081214905,0.1273527815937996,
3,260819,mixed,MIXED,CNN_RNND,343,0.7141475230455399,0.5427966862916946,0.1713508516550064,
3,260819,mixed,MIXED,CNN_RNND,344,0.4326053261756897,0.2989179342985153,0.13368738070130348,
3,260819,mixed,MIXED,CNN_RNND,345,0.5935008972883224,0.44081973284482956,0.1526811718940735,
3,260819,mixed,MIXED,CNN_RNND,346,0.4979648254811764,0.3558235727250576,0.14214125275611877,
3,260819,mixed,MIXED,CNN_RNND,347,0.3697824329137802,0.2523668706417084,0.11741555854678154,
3,260819,mixed,MIXED,CNN_RNND,348,0.4276357963681221,0.2972455248236656,0.13039026595652103,
3,260819,mixed,MIXED,CNN_RNND,349,0.30259787663817406,0.19108649715781212,0.11151137389242649,
3,260819,mixed,MIXED,CNN_RNND,350,0.37605731934309006,0.2524352390319109,0.12362208031117916,
3,260819,mixed,MIXED,CNN_RNND,351,0.4048796147108078,0.2783716544508934,0.12650796212255955,
3,260819,mixed,MIXED,CNN_RNND,352,0.5163369402289391,0.3797444850206375,0.1365924421697855,
3,260819,mixed,MIXED,CNN_RNND,353,0.4718855321407318,0.33448227122426033,0.13740325719118118,
3,260819,mixed,MIXED,CNN_RNND,354,0.46785155311226845,0.335166372358799,0.13268517702817917,
3,260819,mixed,MIXED,CNN_RNND,355,0.47486769780516624,0.33523496985435486,0.13963272795081139,
3,260819,mixed,MIXED,CNN_RNND,356,0.6558334827423096,0.48914898931980133,0.16668450459837914,
3,260819,mixed,MIXED,CNN_RNND,357,0.6193089783191681,0.4622272215783596,0.15708176419138908,
3,260819,mixed,MIXED,CNN_RNND,358,0.3755486086010933,0.25171510875225067,0.12383350729942322,
3,260819,mixed,MIXED,CNN_RNND,359,0.47016550227999687,0.32618752494454384,0.14397798106074333,
3,260819,mixed,MIXED,CNN_RNND,360,0.5742732882499695,0.42089417576789856,0.15337912365794182,
3,260819,mixed,MIXED,CNN_RNND,361,0.3649819530546665,0.23855766654014587,0.1264242846518755,
3,260819,mixed,MIXED,CNN_RNND,362,0.39440324157476425,0.2672836482524872,0.12711960077285767,
3,260819,mixed,MIXED,CNN_RNND,363,0.46369075030088425,0.32536817342042923,0.13832256756722927,
3,260819,mixed,MIXED,CNN_RNND,364,0.6308295577764511,0.4667689874768257,0.164060577750206,
3,260819,mixed,MIXED,CNN_RNND,365,0.5035193413496017,0.36480337381362915,0.1387159675359726,
3,260819,mixed,MIXED,CNN_RNND,366,0.516395702958107,0.3745127320289612,0.1418829746544361,
3,260819,mixed,MIXED,CNN_RNND,367,0.43450291082262993,0.3035196401178837,0.13098327443003654,
3,260819,mixed,MIXED,CNN_RNND,368,0.44299739599227905,0.3123631924390793,0.13063419423997402,
3,260819,mixed,MIXED,CNN_RNND,369,0.42077749967575073,0.2934037074446678,0.1273737996816635,
3,260819,mixed,MIXED,CNN_RNND,370,0.4194880984723568,0.28519217297434807,0.13429592549800873,
3,260819,mixed,MIXED,CNN_RNND,371,0.46257100999355316,0.32760684192180634,0.13496417179703712,
3,260819,mixed,MIXED,CNN_RNND,372,0.4281049370765686,0.2991548143327236,0.12895012460649014,
3,260819,mixed,MIXED,CNN_RNND,373,0.3524266704916954,0.23068009689450264,0.12174658291041851,
3,260819,mixed,MIXED,CNN_RNND,374,0.3991030305624008,0.27429056726396084,0.12481246888637543,
3,260819,mixed,MIXED,CNN_RNND,375,0.432061605155468,0.3005957808345556,0.1314658373594284,
3,260819,mixed,MIXED,CNN_RNND,376,0.5304142907261848,0.3850078135728836,0.14540647715330124,
3,260819,mixed,MIXED,CNN_RNND,377,0.4687296748161316,0.33451490104198456,0.13421477377414703,
3,260819,mixed,MIXED,CNN_RNND,378,0.5685801059007645,0.41549044102430344,0.15308966860175133,
3,260819,mixed,MIXED,CNN_RNND,379,0.5332215204834938,0.3823831081390381,0.15083841606974602,
3,260819,mixed,MIXED,CNN_RNND,380,0.4530237764120102,0.3111882023513317,0.14183557406067848,
3,260819,mixed,MIXED,CNN_RNND,381,0.43497323244810104,0.30097921565175056,0.13399401307106018,
3,260819,mixed,MIXED,CNN_RNND,382,0.6301375329494476,0.4701964557170868,0.15994108840823174,
3,260819,mixed,MIXED,CNN_RNND,383,0.610837385058403,0.4529452547430992,0.1578921154141426,
3,260819,mixed,MIXED,CNN_RNND,384,0.4319074712693691,0.29902899265289307,0.13287848234176636,
3,260819,mixed,MIXED,CNN_RNND,385,0.34480369836091995,0.2224823497235775,0.12232135236263275,
3,260819,mixed,MIXED,CNN_RNND,386,0.5315617620944977,0.38478925824165344,0.14677251130342484,
3,260819,mixed,MIXED,CNN_RNND,387,0.5416935607790947,0.3974529802799225,0.1442405842244625,
3,260819,mixed,MIXED,CNN_RNND,388,0.40904684737324715,0.2780779115855694,0.13096893392503262,
3,260819,mixed,MIXED,CNN_RNND,389,0.4093969985842705,0.2809128053486347,0.12848419696092606,
3,260819,mixed,MIXED,CNN_RNND,390,0.5233083888888359,0.37403571605682373,0.14927266724407673,
3,260819,mixed,MIXED,CNN_RNND,391,0.45299575105309486,0.3115508519113064,0.14144490845501423,
3,260819,mixed,MIXED,CNN_RNND,392,0.3419486805796623,0.22494023852050304,0.11700844578444958,
3,260819,mixed,MIXED,CNN_RNND,393,0.3965553864836693,0.27530066668987274,0.12125471979379654,
3,260819,mixed,MIXED,CNN_RNND,394,0.5629235804080963,0.41505254805088043,0.14787102863192558,
3,260819,mixed,MIXED,CNN_RNND,395,0.47421225905418396,0.33758343383669853,0.13662881962954998,
3,260819,mixed,MIXED,CNN_RNND,396,0.39251501485705376,0.26470983773469925,0.1278051733970642,
3,260819,mixed,MIXED,CNN_RNND,397,0.5461220145225525,0.40131109952926636,0.14481091126799583,
3,260819,mixed,MIXED,CNN_RNND,398,0.6226696074008942,0.4596857577562332,0.16298385709524155,
3,260819,mixed,MIXED,CNN_RNND,399,0.7541263103485107,0.5722285807132721,0.18189773708581924,
3,260819,mixed,MIXED,CNN_RNND,400,0.5194800868630409,0.3805425092577934,0.1389375738799572,-0.5996098353558298
3,260819,mixed,MIXED,CNN_RNND,401,0.5195020213723183,0.3686367757618427,0.15086525678634644,
3,260819,mixed,MIXED,CNN_RNND,402,0.3297862857580185,0.2156175710260868,0.11416870728135109,
3,260819,mixed,MIXED,CNN_RNND,403,0.3698268420994282,0.24794482439756393,0.1218820121139288,
3,260819,mixed,MIXED,CNN_RNND,404,0.4707447737455368,0.3408130183815956,0.12993174605071545,
3,260819,mixed,MIXED,CNN_RNND,405,0.5592043548822403,0.3976271376013756,0.16157720796763897,
3,260819,mixed,MIXED,CNN_RNND,406,0.4269755743443966,0.29664819315075874,0.13032737374305725,
3,260819,mixed,MIXED,CNN_RNND,407,0.5389328598976135,0.39353204146027565,0.14540082216262817,
3,260819,mixed,MIXED,CNN_RNND,408,0.5557738468050957,0.4022331014275551,0.15354075469076633,
3,260819,mixed,MIXED,CNN_RNND,409,0.35709477961063385,0.2392493300139904,0.11784545332193375,
3,260819,mixed,MIXED,CNN_RNND,410,0.47900204360485077,0.3480794280767441,0.13092261739075184,
3,260819,mixed,MIXED,CNN_RNND,411,0.4633943885564804,0.327797569334507,0.13559681177139282,
3,260819,mixed,MIXED,CNN_RNND,412,0.5116553604602814,0.3694186508655548,0.14223670959472656,
3,260819,mixed,MIXED,CNN_RNND,413,0.4184563606977463,0.2912681773304939,0.12718819081783295,
3,260819,mixed,MIXED,CNN_RNND,414,0.46397651731967926,0.3288460150361061,0.1351304966956377,
3,260819,mixed,MIXED,CNN_RNND,415,0.5244135558605194,0.3804757706820965,0.14393778517842293,
3,260819,mixed,MIXED,CNN_RNND,416,0.2940250188112259,0.18111935816705227,0.11290565878152847,
3,260819,mixed,MIXED,CNN_RNND,417,0.4838985875248909,0.34220700711011887,0.14169158041477203,
3,260819,mixed,MIXED,CNN_RNND,418,0.35798126459121704,0.2392699085175991,0.11871135979890823,
3,260819,mixed,MIXED,CNN_RNND,419,0.4086656719446182,0.2836943194270134,0.12497134506702423,
3,260819,mixed,MIXED,CNN_RNND,420,0.6854427605867386,0.5143739283084869,0.17106881365180016,
3,260819,mixed,MIXED,CNN_RNND,421,0.31707222759723663,0.20128504000604153,0.11578718945384026,
3,260819,mixed,MIXED,CNN_RNND,422,0.4439409375190735,0.31879016757011414,0.12515076994895935,
3,260819,mixed,MIXED,CNN_RNND,423,0.30103849619627,0.18221663683652878,0.11882185563445091,
3,260819,mixed,MIXED,CNN_RNND,424,0.43338432163000107,0.3002714402973652,0.13311288878321648,
3,260819,mixed,MIXED,CNN_RNND,425,0.4380215108394623,0.3078693151473999,0.13015219941735268,
3,260819,mixed,MIXED,CNN_RNND,426,0.36020127683877945,0.24182115122675896,0.11838012561202049,
3,260819,mixed,MIXED,CNN_RNND,427,0.46891387552022934,0.3402172923088074,0.12869657948613167,
3,260819,mixed,MIXED,CNN_RNND,428,0.38934197276830673,0.2643457502126694,0.12499622441828251,
3,260819,mixed,MIXED,CNN_RNND,429,0.39363981410861015,0.2666898127645254,0.12695001251995564,
3,260819,mixed,MIXED,CNN_RNND,430,0.48058629781007767,0.34344949573278427,0.1371367946267128,
3,260819,mixed,MIXED,CNN_RNND,431,0.5223931223154068,0.37755120918154716,0.14484191685914993,
3,260819,mixed,MIXED,CNN_RNND,432,0.39450399205088615,0.26777932792901993,0.12672466225922108,
3,260819,mixed,MIXED,CNN_RNND,433,0.5751744732260704,0.42755986005067825,0.14761461690068245,
3,260819,mixed,MIXED,CNN_RNND,434,0.33374132961034775,0.21614965982735157,0.11759167909622192,
3,260819,mixed,MIXED,CNN_RNND,435,0.5019388645887375,0.35872410982847214,0.1432147715240717,
3,260819,mixed,MIXED,CNN_RNND,436,0.5070224553346634,0.3634856790304184,0.14353676699101925,
3,260819,mixed,MIXED,CNN_RNND,437,0.5565728768706322,0.40869034454226494,0.1478825192898512,
3,260819,mixed,MIXED,CNN_RNND,438,0.5039235204458237,0.36794641613960266,0.1359771192073822,
3,260819,mixed,MIXED,CNN_RNND,439,0.3750690296292305,0.246516901999712,0.12855212576687336,
3,260819,mixed,MIXED,CNN_RNND,440,0.5831698179244995,0.42691996693611145,0.15624986216425896,
3,260819,mixed,MIXED,CNN_RNND,441,0.4084489569067955,0.28107011690735817,0.12737885117530823,
3,260819,mixed,MIXED,CNN_RNND,442,0.48850875347852707,0.35129648447036743,0.1372122559696436,
3,260819,mixed,MIXED,CNN_RNND,443,0.5698364228010178,0.4113464690744877,0.15848994068801403,
3,260819,mixed,MIXED,CNN_RNND,444,0.5478649809956551,0.40327300131320953,0.14459197595715523,
3,260819,mixed,MIXED,CNN_RNND,445,0.3566659949719906,0.23983342573046684,0.1168325673788786,
3,260819,mixed,MIXED,CNN_RNND,446,0.36916060745716095,0.2453834619373083,0.12377714738249779,
3,260819,mixed,MIXED,CNN_RNND,447,0.548148587346077,0.39559704810380936,0.15255153737962246,
3,260819,mixed,MIXED,CNN_RNND,448,0.5281192436814308,0.3888690769672394,0.13925018720328808,
3,260819,mixed,MIXED,CNN_RNND,449,0.4493898004293442,0.30541024170815945,0.14397955313324928,
3,260819,mixed,MIXED,CNN_RNND,450,0.48006343096494675,0.34412144124507904,0.1359419897198677,
3,260819,mixed,MIXED,CNN_RNND,451,0.48727530241012573,0.35054880008101463,0.13672650046646595,
3,260819,mixed,MIXED,CNN_RNND,452,0.2638092190027237,0.15583780780434608,0.10797141119837761,
3,260819,mixed,MIXED,CNN_RNND,453,0.41408349573612213,0.27634353563189507,0.1377399731427431,
3,260819,mixed,MIXED,CNN_RNND,454,0.49325941503047943,0.35240861773490906,0.14085080102086067,
3,260819,mixed,MIXED,CNN_RNND,455,0.47738660126924515,0.3401074856519699,0.13727912120521069,
3,260819,mixed,MIXED,CNN_RNND,456,0.2845230922102928,0.17418286204338074,0.11034022644162178,
3,260819,mixed,MIXED,CNN_RNND,457,0.4907980337738991,0.35062425583601,0.14017377234995365,
3,260819,mixed,MIXED,CNN_RNND,458,0.41852401569485664,0.2889977525919676,0.12952627055346966,
3,260819,mixed,MIXED,CNN_RNND,459,0.5082506015896797,0.3704119361937046,0.1378386728465557,
3,260819,mixed,MIXED,CNN_RNND,460,0.5419175252318382,0.4003249704837799,0.14159253612160683,
3,260819,mixed,MIXED,CNN_RNND,461,0.4915199875831604,0.34660711511969566,0.14491286501288414,
3,260819,mixed,MIXED,CNN_RNND,462,0.41493476927280426,0.280592855066061,0.134341923519969,
3,260819,mixed,MIXED,CNN_RNND,463,0.49323494732379913,0.3521810807287693,0.14105386286973953,
3,260819,mixed,MIXED,CNN_RNND,464,0.43739941716194153,0.3064732551574707,0.13092617690563202,
3,260819,mixed,MIXED,CNN_RNND,465,0.413237027823925,0.28433551266789436,0.12890151143074036,
3,260819,mixed,MIXED,CNN_RNND,466,0.5772817954421043,0.4317637234926224,0.14551807567477226,
3,260819,mixed,MIXED,CNN_RNND,467,0.4334829971194267,0.2993897423148155,0.13409326039254665,
3,260819,mixed,MIXED,CNN_RNND,468,0.42624063789844513,0.2920380122959614,0.13420261070132256,
3,260819,mixed,MIXED,CNN_RNND,469,0.6591969355940819,0.4948262348771095,0.16437069699168205,
3,260819,mixed,MIXED,CNN_RNND,470,0.4971466660499573,0.35742492228746414,0.13972174189984798,
3,260819,mixed,MIXED,CNN_RNND,471,0.4951360374689102,0.3585803359746933,0.13655570149421692,
3,260819,mixed,MIXED,CNN_RNND,472,0.5907498523592949,0.4285220801830292,0.16222775168716908,
3,260819,mixed,MIXED,CNN_RNND,473,0.6522103473544121,0.48195982724428177,0.1702505126595497,
3,260819,mixed,MIXED,CNN_RNND,474,0.584140844643116,0.4292824938893318,0.15485836192965508,
3,260819,mixed,MIXED,CNN_RNND,475,0.5060411393642426,0.3643345311284065,0.14170660078525543,
3,260819,mixed,MIXED,CNN_RNND,476,0.54060148447752,0.3937307149171829,0.1468707788735628,
3,260819,mixed,MIXED,CNN_RNND,477,0.5758145675063133,0.4186639152467251,0.15715066343545914,
3,260819,mixed,MIXED,CNN_RNND,478,0.5459631457924843,0.39596110209822655,0.15000203624367714,
3,260819,mixed,MIXED,CNN_RNND,479,0.574255645275116,0.41829949617385864,0.15595613420009613,
3,260819,mixed,MIXED,CNN_RNND,480,0.47355468571186066,0.3344590924680233,0.1390955988317728,
3,260819,mixed,MIXED,CNN_RNND,481,0.37989211082458496,0.2557501830160618,0.12414192780852318,
3,260819,mixed,MIXED,CNN_RNND,482,0.3621734045445919,0.23997120559215546,0.12220219895243645,
3,260819,mixed,MIXED,CNN_RNND,483,0.42083149403333664,0.2886513005942106,0.13218020647764206,
3,260819,mixed,MIXED,CNN_RNND,484,0.571695052087307,0.4193321615457535,0.1523629017174244,
3,260819,mixed,MIXED,CNN_RNND,485,0.5442389100790024,0.3909441903233528,0.15329472534358501,
3,260819,mixed,MIXED,CNN_RNND,486,0.46745216101408005,0.3310954011976719,0.1363567654043436,
3,260819,mixed,MIXED,CNN_RNND,487,0.4126332253217697,0.2874303236603737,0.12520289234817028,
3,260819,mixed,MIXED,CNN_RNND,488,0.5259608402848244,0.3828062489628792,0.1431545913219452,
3,260819,mixed,MIXED,CNN_RNND,489,0.5205025225877762,0.3755584694445133,0.14494405314326286,
3,260819,mixed,MIXED,CNN_RNND,490,0.48444368690252304,0.3408886268734932,0.143555061891675,
3,260819,mixed,MIXED,CNN_RNND,491,0.4714857116341591,0.33602912351489067,0.13545658066868782,
3,260819,mixed,MIXED,CNN_RNND,492,0.4749447628855705,0.3354298397898674,0.13951492682099342,
3,260819,mixed,MIXED,CNN_RNND,493,0.5605418533086777,0.4119516760110855,0.14859017729759216,
3,260819,mixed,MIXED,CNN_RNND,494,0.5261026471853256,0.38288459926843643,0.1432180441915989,
3,260819,mixed,MIXED,CNN_RNND,495,0.5822256952524185,0.4279782995581627,0.15424739941954613,
3,260819,mixed,MIXED,CNN_RNND,496,0.47416575998067856,0.3397509939968586,0.1344147678464651,
3,260819,mixed,MIXED,CNN_RNND,497,0.3688058629631996,0.2491842769086361,0.11962158232927322,
3,260819,mixed,MIXED,CNN_RNND,498,0.32833729684352875,0.213564932346344,0.11477235518395901,
3,260819,mixed,MIXED,CNN_RNND,499,0.5478450134396553,0.39701005816459656,0.15083494037389755,
3,260819,mixed,MIXED,CNN_RNND,500,0.6180191859602928,0.4569072648882866,0.16111192479729652,
3,260819,mixed,MIXED,CNN_RNND,501,0.410253681242466,0.27954163029789925,0.13071205653250217,
3,260819,mixed,MIXED,CNN_RNND,502,0.41784102469682693,0.288922056555748,0.1289189737290144,
3,260819,mixed,MIXED,CNN_RNND,503,0.5099718794226646,0.365382993593812,0.1445888914167881,
3,260819,mixed,MIXED,CNN_RNND,504,0.5381453260779381,0.38693427108228207,0.15121104940772057,
3,260819,mixed,MIXED,CNN_RNND,505,0.43686671555042267,0.3085443377494812,0.12832236662507057,
3,260819,mixed,MIXED,CNN_RNND,506,0.6594049856066704,0.4911142513155937,0.16829072684049606,
3,260819,mixed,MIXED,CNN_RNND,507,0.4645623564720154,0.3323485217988491,0.13221383094787598,
3,260819,mixed,MIXED,CNN_RNND,508,0.5029994398355484,0.36006389558315277,0.14293554425239563,
3,260819,mixed,MIXED,CNN_RNND,509,0.5904921218752861,0.4372554197907448,0.15323669649660587,
3,260819,mixed,MIXED,CNN_RNND,510,0.4248555228114128,0.29171428456902504,0.13314124010503292,
3,260819,mixed,MIXED,CNN_RNND,511,0.40993930399417877,0.28265321999788284,0.12728608958423138,
3,260819,mixed,MIXED,CNN_RNND,512,0.49517030641436577,0.35467546433210373,0.14049483463168144,
3,260819,mixed,MIXED,CNN_RNND,513,0.30291758477687836,0.19107254594564438,0.11184504069387913,
3,260819,mixed,MIXED,CNN_RNND,514,0.5438844710588455,0.3926229476928711,0.15126152709126472,
3,260819,mixed,MIXED,CNN_RNND,515,0.5246312916278839,0.38330917060375214,0.14132211916148663,
3,260819,mixed,MIXED,CNN_RNND,516,0.46176958829164505,0.3255194276571274,0.13625016808509827,
3,260819,mixed,MIXED,CNN_RNND,517,0.5295552462339401,0.3763922452926636,0.15316300466656685,
3,260819,mixed,MIXED,CNN_RNND,518,0.41738223284482956,0.29222290217876434,0.12515933066606522,
3,260819,mixed,MIXED,CNN_RNND,519,0.5430131182074547,0.39485788345336914,0.14815523102879524,
3,260819,mixed,MIXED,CNN_RNND,520,0.511200986802578,0.3709675148129463,0.1402334626764059,
3,260819,mixed,MIXED,CNN_RNND,521,0.5026436895132065,0.357511542737484,0.1451321430504322,
3,260819,mixed,MIXED,CNN_RNND,522,0.45937155932188034,0.3286512643098831,0.13072029128670692,
3,260819,mixed,MIXED,CNN_RNND,523,0.5727897360920906,0.4205806776881218,0.15220906026661396,
3,260819,mixed,MIXED,CNN_RNND,524,0.386680718511343,0.25852722115814686,0.1281534992158413,
3,260819,mixed,MIXED,CNN_RNND,525,0.41486524790525436,0.28390005603432655,0.1309651955962181,
3,260819,mixed,MIXED,CNN_RNND,526,0.5554104149341583,0.4077639691531658,0.14764644391834736,
3,260819,mixed,MIXED,CNN_RNND,527,0.3595554679632187,0.23821981437504292,0.12133565917611122,
3,260819,mixed,MIXED,CNN_RNND,528,0.4711713492870331,0.337810218334198,0.13336112350225449,
3,260819,mixed,MIXED,CNN_RNND,529,0.3877893425524235,0.2659682594239712,0.1218210868537426,
3,260819,mixed,MIXED,CNN_RNND,530,0.347798690199852,0.23136193864047527,0.11643675900995731,
3,260819,mixed,MIXED,CNN_RNND,531,0.5803203955292702,0.4200036823749542,0.16031670942902565,
3,260819,mixed,MIXED,CNN_RNND,532,0.44035038352012634,0.3052992522716522,0.13505113124847412,
3,260819,mixed,MIXED,CNN_RNND,533,0.406044602394104,0.2865134961903095,0.11953110434114933,
3,260819,mixed,MIXED,CNN_RNND,534,0.45183054357767105,0.3138781078159809,0.13795244880020618,
3,260819,mixed,MIXED,CNN_RNND,535,0.49050915241241455,0.348260797560215,0.14224835485219955,
3,260819,mixed,MIXED,CNN_RNND,536,0.5713130235671997,0.4185765013098717,0.15273652970790863,
3,260819,mixed,MIXED,CNN_RNND,537,0.4847312569618225,0.3508637025952339,0.13386755250394344,
3,260819,mixed,MIXED,CNN_RNND,538,0.4281025230884552,0.2980850450694561,0.1300174742937088,
3,260819,mixed,MIXED,CNN_RNND,539,0.5197519063949585,0.37932050973176956,0.1404313873499632,
3,260819,mixed,MIXED,CNN_RNND,540,0.5753250680863857,0.4184212274849415,0.15690383315086365,
3,260819,mixed,MIXED,CNN_RNND,541,0.4929976686835289,0.35683276504278183,0.13616490364074707,
3,260819,mixed,MIXED,CNN_RNND,542,0.5061597898602486,0.3595430217683315,0.14661676436662674,
3,260819,mixed,MIXED,CNN_RNND,543,0.32882990315556526,0.21329641714692116,0.1155334860086441,
3,260819,mixed,MIXED,CNN_RNND,544,0.44811777770519257,0.3112928718328476,0.13682490214705467,
3,260819,mixed,MIXED,CNN_RNND,545,0.4628935754299164,0.32923442125320435,0.13365915603935719,
3,260819,mixed,MIXED,CNN_RNND,546,0.4107361510396004,0.2881842404603958,0.12255191244184971,
3,260819,mixed,MIXED,CNN_RNND,547,0.6384227126836777,0.47660936415195465,0.16181334480643272,
3,260819,mixed,MIXED,CNN_RNND,548,0.46457233279943466,0.3276837021112442,0.13688862696290016,
3,260819,mixed,MIXED,CNN_RNND,549,0.265093058347702,0.1624949499964714,0.10259810462594032,
3,260819,mixed,MIXED,CNN_RNND,550,0.3891082927584648,0.2665633037686348,0.12254499271512032,
3,260819,mixed,MIXED,CNN_RNND,551,0.5143028944730759,0.3707187995314598,0.14358409494161606,
3,260819,mixed,MIXED,CNN_RNND,552,0.5970514267683029,0.44245652109384537,0.15459489077329636,
3,260819,mixed,MIXED,CNN_RNND,553,0.5575471818447113,0.40988899767398834,0.14765818789601326,
3,260819,mixed,MIXED,CNN_RNND,554,0.5399239733815193,0.3960413262248039,0.14388263411819935,
3,260819,mixed,MIXED,CNN_RNND,555,0.37301068753004074,0.25206468999385834,0.1209459938108921,
3,260819,mixed,MIXED,CNN_RNND,556,0.3398238755762577,0.2213229462504387,0.11850092932581902,
3,260819,mixed,MIXED,CNN_RNND,557,0.4585629403591156,0.32550927996635437,0.13305364921689034,
3,260819,mixed,MIXED,CNN_RNND,558,0.3711468279361725,0.24943247064948082,0.12171436101198196,
3,260819,mixed,MIXED,CNN_RNND,559,0.38008082285523415,0.25725244730710983,0.12282837741076946,
3,260819,mixed,MIXED,CNN_RNND,560,0.5962119698524475,0.43816138803958893,0.15805057808756828,
3,260819,mixed,MIXED,CNN_RNND,561,0.42647790908813477,0.29422828927636147,0.132249616086483,
3,260819,mixed,MIXED,CNN_RNND,562,0.34482211619615555,0.22908024862408638,0.11574186757206917,
3,260819,mixed,MIXED,CNN_RNND,563,0.42482292652130127,0.30010829120874405,0.12471462786197662,
3,260819,mixed,MIXED,CNN_RNND,564,0.5940352603793144,0.4378228560090065,0.15621240809559822,
3,260819,mixed,MIXED,CNN_RNND,565,0.3887164369225502,0.264089435338974,0.1246270015835762,
3,260819,mixed,MIXED,CNN_RNND,566,0.427152156829834,0.2946620173752308,0.13249014131724834,
3,260819,mixed,MIXED,CNN_RNND,567,0.4711539298295975,0.334934301674366,0.13621961697936058,
3,260819,mixed,MIXED,CNN_RNND,568,0.38974352926015854,0.2632913291454315,0.12645220011472702,
3,260819,mixed,MIXED,CNN_RNND,569,0.5739495381712914,0.4241004139184952,0.14984913542866707,
3,260819,mixed,MIXED,CNN_RNND,570,0.46221673488616943,0.32445506751537323,0.13776165805757046,
3,260819,mixed,MIXED,CNN_RNND,571,0.5845553055405617,0.4346848428249359,0.1498704683035612,
3,260819,mixed,MIXED,CNN_RNND,572,0.5069885924458504,0.37101055309176445,0.13597803935408592,
3,260819,mixed,MIXED,CNN_RNND,573,0.571327269077301,0.41890648007392883,0.15242079459130764,
3,260819,mixed,MIXED,CNN_RNND,574,0.4138767272233963,0.28778569772839546,0.1260910276323557,
3,260819,mixed,MIXED,CNN_RNND,575,0.3372882157564163,0.2218196950852871,0.11546852625906467,
3,260819,mixed,MIXED,CNN_RNND,576,0.42858320474624634,0.29982852935791016,0.12875466793775558,
3,260819,mixed,MIXED,CNN_RNND,577,0.3751346170902252,0.25375216268002987,0.12138245441019535,
3,260819,mixed,MIXED,CNN_RNND,578,0.5297578573226929,0.37640950083732605,0.15334835462272167,
3,260819,mixed,MIXED,CNN_RNND,579,0.4934423454105854,0.34701716899871826,0.14642518013715744,
3,260819,mixed,MIXED,CNN_RNND,580,0.4124005362391472,0.2804906200617552,0.13190991058945656,
3,260819,mixed,MIXED,CNN_RNND,581,0.6828351765871048,0.5151610821485519,0.16767409443855286,
3,260819,mixed,MIXED,CNN_RNND,582,0.6118435710668564,0.44934019446372986,0.16250338777899742,
3,260819,mixed,MIXED,CNN_RNND,583,0.5552271902561188,0.40981048345565796,0.1454167142510414,
3,260819,mixed,MIXED,CNN_RNND,584,0.3825519382953644,0.26135649904608727,0.12119544111192226,
3,260819,mixed,MIXED,CNN_RNND,585,0.48159872740507126,0.3484305888414383,0.13316813856363297,
3,260819,mixed,MIXED,CNN_RNND,586,0.45518799871206284,0.3190350644290447,0.1361529380083084,
3,260819,mixed,MIXED,CNN_RNND,587,0.3660895451903343,0.2505171112716198,0.11557243019342422,
3,260819,mixed,MIXED,CNN_RNND,588,0.5121369138360023,0.3672756254673004,0.14486129209399223,
3,260819,mixed,MIXED,CNN_RNND,589,0.5061498582363129,0.3632258102297783,0.14292405918240547,
3,260819,mixed,MIXED,CNN_RNND,590,0.5434388220310211,0.3954682722687721,0.1479705385863781,
3,260819,mixed,MIXED,CNN_RNND,591,0.6129680871963501,0.44662296772003174,0.16634511202573776,
3,260819,mixed,MIXED,CNN_RNND,592,0.4120809882879257,0.2842847891151905,0.1277962028980255,
3,260819,mixed,MIXED,CNN_RNND,593,0.45673781260848045,0.3209455572068691,0.13579225726425648,
3,260819,mixed,MIXED,CNN_RNND,594,0.4309488758444786,0.2975117340683937,0.13343715853989124,
3,260819,mixed,MIXED,CNN_RNND,595,0.5098421648144722,0.3716377094388008,0.1382044516503811,
3,260819,mixed,MIXED,CNN_RNND,596,0.47168736904859543,0.3376827985048294,0.13400457426905632,
3,260819,mixed,MIXED,CNN_RNND,597,0.468704029917717,0.33548782765865326,0.13321619480848312,
3,260819,mixed,MIXED,CNN_RNND,598,0.5072981119155884,0.36743422225117683,0.13986388221383095,
3,260819,mixed,MIXED,CNN_RNND,599,0.433475561439991,0.30721987038850784,0.12625570222735405,
3,260819,mixed,MIXED,CNN_RNND,600,0.42646144330501556,0.2948973588645458,0.1315640900284052,-0.6080250904998763
3,260819,mixed,MIXED,CNN_RNND,601,0.5152811259031296,0.37230514734983444,0.14297598227858543,
3,260819,mixed,MIXED,CNN_RNND,602,0.6338070929050446,0.4715166985988617,0.16229039803147316,
3,260819,mixed,MIXED,CNN_RNND,603,0.3727264702320099,0.25020603090524673,0.12252043187618256,
3,260819,mixed,MIXED,CNN_RNND,604,0.5738577619194984,0.41660386323928833,0.15725390054285526,
3,260819,mixed,MIXED,CNN_RNND,605,0.5356168746948242,0.38474361412227154,0.15087326616048813,
3,260819,mixed,MIXED,CNN_RNND,606,0.3720380589365959,0.2506201770156622,0.12141788750886917,
3,260819,mixed,MIXED,CNN_RNND,607,0.46073436737060547,0.3275640793144703,0.13317027315497398,
3,260819,mixed,MIXED,CNN_RNND,608,0.5429598279297352,0.39682525768876076,0.14613456279039383,
3,260819,mixed,MIXED,CNN_RNND,609,0.571174331009388,0.41852396726608276,0.1526503562927246,
3,260819,mixed,MIXED,CNN_RNND,610,0.3990768939256668,0.26937398314476013,0.12970290705561638,
3,260819,mixed,MIXED,CNN_RNND,611,0.5108350664377213,0.36810237914323807,0.14273269101977348,
3,260819,mixed,MIXED,CNN_RNND,612,0.5986584424972534,0.4393260311335325,0.1593324113637209,
3,260819,mixed,MIXED,CNN_RNND,613,0.37624362111091614,0.2495182603597641,0.12672536447644234,
3,260819,mixed,MIXED,CNN_RNND,614,0.4826980084180832,0.3455372229218483,0.1371607892215252,
3,260819,mixed,MIXED,CNN_RNND,615,0.44870954006910324,0.31623731181025505,0.13247223384678364,
3,260819,mixed,MIXED,CNN_RNND,616,0.5244533568620682,0.3814757168292999,0.14297763630747795,
3,260819,mixed,MIXED,CNN_RNND,617,0.5493137240409851,0.39891429990530014,0.15039941668510437,
3,260819,mixed,MIXED,CNN_RNND,618,0.6228118538856506,0.4618978723883629,0.16091397777199745,
3,260819,mixed,MIXED,CNN_RNND,619,0.3751691207289696,0.2588872015476227,0.11628192476928234,
3,260819,mixed,MIXED,CNN_RNND,620,0.3532433956861496,0.23183918744325638,0.12140421010553837,
3,260819,mixed,MIXED,CNN_RNND,621,0.45701757073402405,0.3253428228199482,0.1316747535020113,
3,260819,mixed,MIXED,CNN_RNND,622,0.446565605700016,0.318742074072361,0.12782352790236473,
3,260819,mixed,MIXED,CNN_RNND,623,0.328495766967535,0.21120385080575943,0.11729191802442074,
3,260819,mixed,MIXED,CNN_RNND,624,0.4973328188061714,0.34967891313135624,0.14765391498804092,
3,260819,mixed,MIXED,CNN_RNND,625,0.5138614028692245,0.3716655597090721,0.14219585061073303,
3,260819,mixed,MIXED,CNN_RNND,626,0.5748049020767212,0.420785091817379,0.1540198251605034,
3,260819,mixed,MIXED,CNN_RNND,627,0.47632577270269394,0.3423684164881706,0.13395735248923302,
3,260819,mixed,MIXED,CNN_RNND,628,0.4381856918334961,0.30575748160481453,0.13242821022868156,
3,260819,mixed,MIXED,CNN_RNND,629,0.3537649139761925,0.23473963141441345,0.11902528442442417,
3,260819,mixed,MIXED,CNN_RNND,630,0.4771612919867039,0.34165253303945065,0.13550875522196293,
3,260819,mixed,MIXED,CNN_RNND,631,0.621802344918251,0.46726278960704803,0.1545395702123642,
3,260819,mixed,MIXED,CNN_RNND,632,0.3964790217578411,0.27186238020658493,0.12461663782596588,
3,260819,mixed,MIXED,CNN_RNND,633,0.5342040583491325,0.38399916142225266,0.15020489878952503,
3,260819,mixed,MIXED,CNN_RNND,634,0.25807250291109085,0.15379386767745018,0.10427863523364067,
3,260819,mixed,MIXED,CNN_RNND,635,0.4829700365662575,0.34687914699316025,0.13609088584780693,
3,260819,mixed,MIXED,CNN_RNND,636,0.4966426491737366,0.3542340137064457,0.14240863919258118,
3,260819,mixed,MIXED,CNN_RNND,637,0.425279650837183,0.2993435189127922,0.125936146825552,
3,260819,mixed,MIXED,CNN_RNND,638,0.5598417073488235,0.4086891897022724,0.15115253254771233,
3,260819,mixed,MIXED,CNN_RNND,639,0.5216900780797005,0.3824920281767845,0.1391980480402708,
3,260819,mixed,MIXED,CNN_RNND,640,0.47612588107585907,0.33851292356848717,0.1376129537820816,
3,260819,mixed,MIXED,CNN_RNND,641,0.41481878235936165,0.2876763939857483,0.12714238092303276,
3,260819,mixed,MIXED,CNN_RNND,642,0.5558009296655655,0.39929575473070145,0.15650516375899315,
3,260819,mixed,MIXED,CNN_RNND,643,0.5406288132071495,0.38410523533821106,0.15652358159422874,
3,260819,mixed,MIXED,CNN_RNND,644,0.3552345596253872,0.23480919934809208,0.12042535841464996,
3,260819,mixed,MIXED,CNN_RNND,645,0.45764973759651184,0.31999119371175766,0.13765854202210903,
3,260819,mixed,MIXED,CNN_RNND,646,0.3877597823739052,0.2628486603498459,0.12491111271083355,
3,260819,mixed,MIXED,CNN_RNND,647,0.3992927223443985,0.2715560495853424,0.12773667834699154,
3,260819,mixed,MIXED,CNN_RNND,648,0.3677780032157898,0.24742067605257034,0.1203573290258646,
3,260819,mixed,MIXED,CNN_RNND,649,0.469213031232357,0.3310065269470215,0.13820650056004524,
3,260819,mixed,MIXED,CNN_RNND,650,0.5240104645490646,0.38042714446783066,0.14358333125710487,
3,260819,mixed,MIXED,CNN_RNND,651,0.3919702172279358,0.26716388389468193,0.12480633333325386,
3,260819,mixed,MIXED,CNN_RNND,652,0.38184306398034096,0.2619307227432728,0.11991234309971333,
3,260819,mixed,MIXED,CNN_RNND,653,0.44277549535036087,0.3140772841870785,0.1286982223391533,
3,260819,mixed,MIXED,CNN_RNND,654,0.5134025439620018,0.3726246729493141,0.14077786915004253,
3,260819,mixed,MIXED,CNN_RNND,655,0.40996819362044334,0.2843712642788887,0.1255969349294901,
3,260819,mixed,MIXED,CNN_RNND,656,0.5584325790405273,0.4106301814317703,0.14780240878462791,
3,260819,mixed,MIXED,CNN_RNND,657,0.46877460181713104,0.3311392553150654,0.13763534650206566,
3,260819,mixed,MIXED,CNN_RNND,658,0.44650403410196304,0.3134538121521473,0.13305021449923515,
3,260819,mixed,MIXED,CNN_RNND,659,0.4285740852355957,0.29759491235017776,0.1309791710227728,
3,260819,mixed,MIXED,CNN_RNND,660,0.4147689491510391,0.2870390713214874,0.1277298741042614,
3,260819,mixed,MIXED,CNN_RNND,661,0.4912630021572113,0.35159169882535934,0.13967129588127136,
3,260819,mixed,MIXED,CNN_RNND,662,0.46137886494398117,0.32527168095111847,0.13610717467963696,
3,260819,mixed,MIXED,CNN_RNND,663,0.5026078335940838,0.3582409434020519,0.14436688274145126,
3,260819,mixed,MIXED,CNN_RNND,664,0.38868509978055954,0.2632763683795929,0.1254087295383215,
3,260819,mixed,MIXED,CNN_RNND,665,0.5842992663383484,0.4380423501133919,0.1462569162249565,
3,260819,mixed,MIXED,CNN_RNND,666,0.3478282243013382,0.23184934258460999,0.11597887985408306,
3,260819,mixed,MIXED,CNN_RNND,667,0.45584968850016594,0.32230376079678535,0.13354592770338058,
3,260819,mixed,MIXED,CNN_RNND,668,0.33957309275865555,0.226266635581851,0.11330646649003029,
3,260819,mixed,MIXED,CNN_RNND,669,0.4315618723630905,0.30295898020267487,0.1286029014736414,
3,260819,mixed,MIXED,CNN_RNND,670,0.5356917977333069,0.39501380175352097,0.14067799225449562,
3,260819,mixed,MIXED,CNN_RNND,671,0.3589056730270386,0.23721825517714024,0.12168741598725319,
3,260819,mixed,MIXED,CNN_RNND,672,0.37537870183587074,0.2490823082625866,0.12629639357328415,
3,260819,mixed,MIXED,CNN_RNND,673,0.4716408848762512,0.34357551485300064,0.12806537188589573,
3,260819,mixed,MIXED,CNN_RNND,674,0.4157135412096977,0.28971246629953384,0.12600106559693813,
3,260819,mixed,MIXED,CNN_RNND,675,0.45624544098973274,0.32664741203188896,0.12959804758429527,
3,260819,mixed,MIXED,CNN_RNND,676,0.6464733853936195,0.4857197776436806,0.16075360774993896,
3,260819,mixed,MIXED,CNN_RNND,677,0.5121217668056488,0.36839434877038,0.14372741244733334,
3,260819,mixed,MIXED,CNN_RNND,678,0.5179302170872688,0.3758309930562973,0.14209922030568123,
3,260819,mixed,MIXED,CNN_RNND,679,0.46486008167266846,0.33712732791900635,0.12773276306688786,
3,260819,mixed,MIXED,CNN_RNND,680,0.4393870607018471,0.30557163059711456,0.1338154412806034,
3,260819,mixed,MIXED,CNN_RNND,681,0.4441893585026264,0.31131723150610924,0.13287212327122688,
3,260819,mixed,MIXED,CNN_RNND,682,0.38171499967575073,0.2619330547749996,0.11978194303810596,
3,260819,mixed,MIXED,CNN_RNND,683,0.5275310575962067,0.3864874988794327,0.14104356616735458,
3,260819,mixed,MIXED,CNN_RNND,684,0.678352877497673,0.5117993578314781,0.1665535308420658,
3,260819,mixed,MIXED,CNN_RNND,685,0.5601885765790939,0.41117700934410095,0.14901155605912209,
3,260819,mixed,MIXED,CNN_RNND,686,0.5216101258993149,0.3789791278541088,0.14263099245727062,
3,260819,mixed,MIXED,CNN_RNND,687,0.46468984335660934,0.3266538381576538,0.1380360033363104,
3,260819,mixed,MIXED,CNN_RNND,688,0.6037686094641685,0.44216061383485794,0.1616079993546009,
3,260819,mixed,MIXED,CNN_RNND,689,0.44562332332134247,0.31836942583322525,0.12725389748811722,
3,260819,mixed,MIXED,CNN_RNND,690,0.5187465064227581,0.3750004395842552,0.14374607056379318,
3,260819,mixed,MIXED,CNN_RNND,691,0.672502800822258,0.5018458813428879,0.17065691947937012,
3,260819,mixed,MIXED,CNN_RNND,692,0.3271973729133606,0.21833031624555588,0.10886705666780472,
3,260819,mixed,MIXED,CNN_RNND,693,0.4634808301925659,0.3324767276644707,0.13100411370396614,
3,260819,mixed,MIXED,CNN_RNND,694,0.767321988940239,0.5855482518672943,0.18177373707294464,
3,260819,mixed,MIXED,CNN_RNND,695,0.322548758238554,0.20711030066013336,0.11543845385313034,
3,260819,mixed,MIXED,CNN_RNND,696,0.5260549634695053,0.37941211462020874,0.14664285629987717,
3,260819,mixed,MIXED,CNN_RNND,697,0.437180295586586,0.3063213862478733,0.1308589056134224,
3,260819,mixed,MIXED,CNN_RNND,698,0.414353147149086,0.2877391614019871,0.12661398574709892,
3,260819,mixed,MIXED,CNN_RNND,699,0.5245826616883278,0.3746357746422291,0.149946890771389,
3,260819,mixed,MIXED,CNN_RNND,700,0.4471730999648571,0.3108465764671564,0.1363265234977007,
3,260819,mixed,MIXED,CNN_RNND,701,0.43514884263277054,0.30831803381443024,0.1268308088183403,
3,260819,mixed,MIXED,CNN_RNND,702,0.49161546677351,0.34975263103842735,0.14186282083392143,
3,260819,mixed,MIXED,CNN_RNND,703,0.4415184259414673,0.31227193772792816,0.12924648448824883,
3,260819,mixed,MIXED,CNN_RNND,704,0.42680104821920395,0.29771520011126995,0.1290858592838049,
3,260819,mixed,MIXED,CNN_RNND,705,0.4346644803881645,0.30668921023607254,0.12797526642680168,
3,260819,mixed,MIXED,CNN_RNND,706,0.46108803898096085,0.3249320089817047,0.1361560206860304,
3,260819,mixed,MIXED,CNN_RNND,707,0.4331032708287239,0.3051000349223614,0.1280032228678465,
3,260819,mixed,MIXED,CNN_RNND,708,0.4883374497294426,0.3458961807191372,0.1424412652850151,
3,260819,mixed,MIXED,CNN_RNND,709,0.4364902302622795,0.31175750121474266,0.124732730910182,
3,260819,mixed,MIXED,CNN_RNND,710,0.4115914925932884,0.2823847234249115,0.12920676916837692,
3,260819,mixed,MIXED,CNN_RNND,711,0.4821535497903824,0.3444867394864559,0.13766681961715221,
3,260819,mixed,MIXED,CNN_RNND,712,0.48886189982295036,0.3533906936645508,0.13547119870781898,
3,260819,mixed,MIXED,CNN_RNND,713,0.6379360035061836,0.4719688221812248,0.1659671701490879,
3,260819,mixed,MIXED,CNN_RNND,714,0.5105676874518394,0.36823131889104843,0.14233637414872646,
3,260819,mixed,MIXED,CNN_RNND,715,0.4836960434913635,0.34454451501369476,0.13915152847766876,
3,260819,mixed,MIXED,CNN_RNND,716,0.5307448655366898,0.3844122104346752,0.14633265882730484,
3,260819,mixed,MIXED,CNN_RNND,717,0.46736156195402145,0.3336896523833275,0.13367191143333912,
3,260819,mixed,MIXED,CNN_RNND,718,0.4606664776802063,0.32863493263721466,0.13203155249357224,
3,260819,mixed,MIXED,CNN_RNND,719,0.42414047569036484,0.30018073692917824,0.12395973317325115,
3,260819,mixed,MIXED,CNN_RNND,720,0.44817303121089935,0.3124341145157814,0.13573890551924706,
3,260819,mixed,MIXED,CNN_RNND,721,0.4091821312904358,0.2800836060196161,0.12909852340817451,
3,260819,mixed,MIXED,CNN_RNND,722,0.5148365348577499,0.3735967390239239,0.14123978838324547,
3,260819,mixed,MIXED,CNN_RNND,723,0.41712135076522827,0.2892691772431135,0.1278521679341793,
3,260819,mixed,MIXED,CNN_RNND,724,0.44367044419050217,0.3134583868086338,0.1302120592445135,
3,260819,mixed,MIXED,CNN_RNND,725,0.5764382258057594,0.42708955705165863,0.14934867061674595,
3,260819,mixed,MIXED,CNN_RNND,726,0.38561613485217094,0.2576673272997141,0.12794881500303745,
3,260819,mixed,MIXED,CNN_RNND,727,0.45781847834587097,0.32025403529405594,0.13756444677710533,
3,260819,mixed,MIXED,CNN_RNND,728,0.37033794075250626,0.2507186233997345,0.11961931735277176,
3,260819,mixed,MIXED,CNN_RNND,729,0.5206111371517181,0.37564602494239807,0.14496508799493313,
3,260819,mixed,MIXED,CNN_RNND,730,0.634072944521904,0.4764232859015465,0.1576496697962284,
3,260819,mixed,MIXED,CNN_RNND,731,0.365487989038229,0.2468604352325201,0.11862755566835403,
3,260819,mixed,MIXED,CNN_RNND,732,0.33729395270347595,0.22312648594379425,0.114167470484972,
3,260819,mixed,MIXED,CNN_RNND,733,0.3279595635831356,0.21289852261543274,0.11506104283034801,
3,260819,mixed,MIXED,CNN_RNND,734,0.5621315538883209,0.4133679196238518,0.14876364171504974,
3,260819,mixed,MIXED,CNN_RNND,735,0.4556163623929024,0.3233775235712528,0.13223884999752045,
3,260819,mixed,MIXED,CNN_RNND,736,0.7645699232816696,0.5778864175081253,0.18668349832296371,
3,260819,mixed,MIXED,CNN_RNND,737,0.4548674151301384,0.32441530376672745,0.13045211136341095,
3,260819,mixed,MIXED,CNN_RNND,738,0.5721546709537506,0.4222201257944107,0.1499345563352108,
3,260819,mixed,MIXED,CNN_RNND,739,0.5157273411750793,0.36833785101771355,0.14738949574530125,
3,260819,mixed,MIXED,CNN_RNND,740,0.5509453192353249,0.40351442992687225,0.1474308893084526,
3,260819,mixed,MIXED,CNN_RNND,741,0.4224371090531349,0.2907532788813114,0.1316838189959526,
3,260819,mixed,MIXED,CNN_RNND,742,0.4436541572213173,0.31088661029934883,0.13276755437254906,
3,260819,mixed,MIXED,CNN_RNND,743,0.5096962675452232,0.36535800620913506,0.14433825202286243,
3,260819,mixed,MIXED,CNN_RNND,744,0.5549600943922997,0.4110906384885311,0.14386945962905884,
3,260819,mixed,MIXED,CNN_RNND,745,0.49303896725177765,0.3571215271949768,0.13591742888092995,
3,260819,mixed,MIXED,CNN_RNND,746,0.3986860103905201,0.2764366641640663,0.12224934250116348,
3,260819,mixed,MIXED,CNN_RNND,747,0.44869013875722885,0.320086944848299,0.12860320881009102,
3,260819,mixed,MIXED,CNN_RNND,748,0.5265510603785515,0.3870212659239769,0.1395297907292843,
3,260819,mixed,MIXED,CNN_RNND,749,0.5091446489095688,0.36950212717056274,0.13964252546429634,
3,260819,mixed,MIXED,CNN_RNND,750,0.3859296143054962,0.26520396396517754,0.12072565220296383,
3,260819,mixed,MIXED,CNN_RNND,751,0.4917299449443817,0.35496197268366814,0.13676797598600388,
3,260819,mixed,MIXED,CNN_RNND,752,0.4330168291926384,0.30742088705301285,0.125595947727561,
3,260819,mixed,MIXED,CNN_RNND,753,0.4019675925374031,0.2759674862027168,0.12600009515881538,
3,260819,mixed,MIXED,CNN_RNND,754,0.4524300955235958,0.3119320422410965,0.14049804955720901,
3,260819,mixed,MIXED,CNN_RNND,755,0.5294347256422043,0.37662556394934654,0.1528091561049223,
3,260819,mixed,MIXED,CNN_RNND,756,0.5149025768041611,0.37188471108675003,0.143017852678895,
3,260819,mixed,MIXED,CNN_RNND,757,0.5075058415532112,0.36914001405239105,0.1383658293634653,
3,260819,mixed,MIXED,CNN_RNND,758,0.4736860617995262,0.33777839690446854,0.13590765558183193,
3,260819,mixed,MIXED,CNN_RNND,759,0.37624044343829155,0.258158165961504,0.11808228492736816,
3,260819,mixed,MIXED,CNN_RNND,760,0.43001046776771545,0.30582135170698166,0.12418911419808865,
3,260819,mixed,MIXED,CNN_RNND,761,0.5688987225294113,0.4224754273891449,0.14642329141497612,
3,260819,mixed,MIXED,CNN_RNND,762,0.37393566966056824,0.2552586793899536,0.11867699027061462,
3,260819,mixed,MIXED,CNN_RNND,763,0.4122438505291939,0.2835772540420294,0.1286665927618742,
3,260819,mixed,MIXED,CNN_RNND,764,0.36833512783050537,0.2503054514527321,0.11802967451512814,
3,260819,mixed,MIXED,CNN_RNND,765,0.4767877086997032,0.3385334312915802,0.1382542923092842,
3,260819,mixed,MIXED,CNN_RNND,766,0.462896928191185,0.3225899413228035,0.14030697755515575,
3,260819,mixed,MIXED,CNN_RNND,767,0.3403390422463417,0.22214099764823914,0.11819803901016712,
3,260819,mixed,MIXED,CNN_RNND,768,0.2555134817957878,0.14956169947981834,0.10595178231596947,
3,260819,mixed,MIXED,CNN_RNND,769,0.4929899349808693,0.3529038466513157,0.1400860883295536,
3,260819,mixed,MIXED,CNN_RNND,770,0.481580413877964,0.34629733860492706,0.13528307527303696,
3,260819,mixed,MIXED,CNN_RNND,771,0.503443855792284,0.3662569150328636,0.1371869556605816,
3,260819,mixed,MIXED,CNN_RNND,772,0.44256122410297394,0.30879889614880085,0.13376233354210854,
3,260819,mixed,MIXED,CNN_RNND,773,0.43406879156827927,0.3039790242910385,0.13008976727724075,
3,260819,mixed,MIXED,CNN_RNND,774,0.6554920077323914,0.4902206175029278,0.16527139768004417,
3,260819,mixed,MIXED,CNN_RNND,775,0.567444734275341,0.4198853075504303,0.1475594211369753,
3,260819,mixed,MIXED,CNN_RNND,776,0.6119471043348312,0.4570236951112747,0.15492340177297592,
3,260819,mixed,MIXED,CNN_RNND,777,0.4533664435148239,0.32098566740751266,0.1323807816952467,
3,260819,mixed,MIXED,CNN_RNND,778,0.457465548068285,0.3260350860655308,0.1314304620027542,
3,260819,mixed,MIXED,CNN_RNND,779,0.3662725016474724,0.24530714377760887,0.12096536718308926,
3,260819,mixed,MIXED,CNN_RNND,780,0.4586990252137184,0.32807131856679916,0.1306277010589838,
3,260819,mixed,MIXED,CNN_RNND,781,0.4261965751647949,0.29276736453175545,0.13342921249568462,
3,260819,mixed,MIXED,CNN_RNND,782,0.509078860282898,0.360169880092144,0.14890897274017334,
3,260819,mixed,MIXED,CNN_RNND,783,0.6002863645553589,0.4409118667244911,0.15937449969351292,
3,260819,mixed,MIXED,CNN_RNND,784,0.4239458590745926,0.29579342156648636,0.12815243564546108,
3,260819,mixed,MIXED,CNN_RNND,785,0.48033030331134796,0.34135521203279495,0.138975091278553,
3,260819,mixed,MIXED,CNN_RNND,786,0.4545328915119171,0.3219088725745678,0.13262401707470417,
3,260819,mixed,MIXED,CNN_RNND,787,0.5728604942560196,0.41896066814661026,0.15389982610940933,
3,260819,mixed,MIXED,CNN_RNND,788,0.3262443132698536,0.20915726572275162,0.11708704568445683,
3,260819,mixed,MIXED,CNN_RNND,789,0.573124211281538,0.42324262857437134,0.14988158643245697,
3,260819,mixed,MIXED,CNN_RNND,790,0.5347482785582542,0.39033467695116997,0.14441359043121338,
3,260819,mixed,MIXED,CNN_RNND,791,0.38058823347091675,0.25919273868203163,0.12139550596475601,
3,260819,mixed,MIXED,CNN_RNND,792,0.3622065335512161,0.24585513398051262,0.11635139584541321,
3,260819,mixed,MIXED,CNN_RNND,793,0.5305799841880798,0.3868261091411114,0.14375386759638786,
3,260819,mixed,MIXED,CNN_RNND,794,0.48226606100797653,0.3464572876691818,0.13580877147614956,
3,260819,mixed,MIXED,CNN_RNND,795,0.4396672546863556,0.3092299774289131,0.13043727725744247,
3,260819,mixed,MIXED,CNN_RNND,796,0.40336574614048004,0.27643362805247307,0.12693212553858757,
3,260819,mixed,MIXED,CNN_RNND,797,0.6287105828523636,0.4737912192940712,0.1549193635582924,
3,260819,mixed,MIXED,CNN_RNND,798,0.4402522146701813,0.3105701915919781,0.12968202866613865,
3,260819,mixed,MIXED,CNN_RNND,799,0.3059665486216545,0.19690421596169472,0.1090623326599598,
3,260819,mixed,MIXED,CNN_RNND,800,0.49820762872695923,0.361516859382391,0.13669076561927795,-0.6186512672627931
3,260819,mixed,MIXED,CNN_RNND,801,0.5136072263121605,0.36773475259542465,0.14587247744202614,
3,260819,mixed,MIXED,CNN_RNND,802,0.47788696736097336,0.3413516581058502,0.1365353036671877,
3,260819,mixed,MIXED,CNN_RNND,803,0.33689846843481064,0.2211763821542263,0.11572208628058434,
3,260819,mixed,MIXED,CNN_RNND,804,0.38799962773919106,0.2630150467157364,0.12498458474874496,
3,260819,mixed,MIXED,CNN_RNND,805,0.31213444098830223,0.20023138448596,0.11190305650234222,
3,260819,mixed,MIXED,CNN_RNND,806,0.4443017691373825,0.3108445890247822,0.13345717638731003,
3,260819,mixed,MIXED,CNN_RNND,807,0.5227197259664536,0.3811887130141258,0.14153100922703743,
3,260819,mixed,MIXED,CNN_RNND,808,0.46777960658073425,0.3326786272227764,0.13510097563266754,
3,260819,mixed,MIXED,CNN_RNND,809,0.4875449575483799,0.3476873189210892,0.13985764607787132,
3,260819,mixed,MIXED,CNN_RNND,810,0.5333212688565254,0.3874165862798691,0.14590468257665634,
3,260819,mixed,MIXED,CNN_RNND,811,0.5094821751117706,0.3719162046909332,0.1375659629702568,
3,260819,mixed,MIXED,CNN_RNND,812,0.32304854318499565,0.2131237257272005,0.10992481745779514,
3,260819,mixed,MIXED,CNN_RNND,813,0.513495534658432,0.36699316278100014,0.14650237932801247,
3,260819,mixed,MIXED,CNN_RNND,814,0.5008181035518646,0.360124833881855,0.1406932808458805,
3,260819,mixed,MIXED,CNN_RNND,815,0.46393727138638496,0.3334496431052685,0.1304876171052456,
3,260819,mixed,MIXED,CNN_RNND,816,0.4499612897634506,0.31720827892422676,0.1327530089765787,
3,260819,mixed,MIXED,CNN_RNND,817,0.5490425825119019,0.3972781337797642,0.15176444873213768,
3,260819,mixed,MIXED,CNN_RNND,818,0.5731005221605301,0.421558178961277,0.15154233947396278,
3,260819,mixed,MIXED,CNN_RNND,819,0.4566010497510433,0.3253570720553398,0.1312439739704132,
3,260819,mixed,MIXED,CNN_RNND,820,0.43196743726730347,0.3011858519166708,0.13078158721327782,
3,260819,mixed,MIXED,CNN_RNND,821,0.4779602885246277,0.3393344022333622,0.13862588815391064,
3,260819,mixed,MIXED,CNN_RNND,822,0.4797399267554283,0.348981648683548,0.13075827807188034,
3,260819,mixed,MIXED,CNN_RNND,823,0.5952842012047768,0.44845089316368103,0.14683330990374088,
3,260819,mixed,MIXED,CNN_RNND,824,0.5227179527282715,0.3811742216348648,0.14154372550547123,
3,260819,mixed,MIXED,CNN_RNND,825,0.48303286731243134,0.338829830288887,0.14420303143560886,
3,260819,mixed,MIXED,CNN_RNND,826,0.46425361186265945,0.33384478837251663,0.13040883280336857,
3,260819,mixed,MIXED,CNN_RNND,827,0.4730983078479767,0.3339952453970909,0.13910306990146637,
3,260819,mixed,MIXED,CNN_RNND,828,0.4424090012907982,0.3117709159851074,0.13063808530569077,
3,260819,mixed,MIXED,CNN_RNND,829,0.536905936896801,0.3864973112940788,0.15040863305330276,
3,260819,mixed,MIXED,CNN_RNND,830,0.4181114137172699,0.29165470600128174,0.1264566984027624,
3,260819,mixed,MIXED,CNN_RNND,831,0.6306870728731155,0.4706897474825382,0.15999732911586761,
3,260819,mixed,MIXED,CNN_RNND,832,0.4217366352677345,0.29021286964416504,0.1315237618982792,
3,260819,mixed,MIXED,CNN_RNND,833,0.4348337650299072,0.30941054970026016,0.12542321346700191,
3,260819,mixed,MIXED,CNN_RNND,834,0.35834425315260887,0.23714599758386612,0.12119824811816216,
3,260819,mixed,MIXED,CNN_RNND,835,0.5279767960309982,0.3802649825811386,0.14771181717514992,
3,260819,mixed,MIXED,CNN_RNND,836,0.6060449182987213,0.4511258155107498,0.1549190990626812,
3,260819,mixed,MIXED,CNN_RNND,837,0.4478183537721634,0.3174310177564621,0.1303873360157013,
3,260819,mixed,MIXED,CNN_RNND,838,0.40070490166544914,0.27318906784057617,0.12751583196222782,
3,260819,mixed,MIXED,CNN_RNND,839,0.463762491941452,0.3270118162035942,0.13675066828727722,
3,260819,mixed,MIXED,CNN_RNND,840,0.6183835379779339,0.4591743554919958,0.15920918248593807,
3,260819,mixed,MIXED,CNN_RNND,841,0.3821479231119156,0.2568376921117306,0.125310231000185,
3,260819,mixed,MIXED,CNN_RNND,842,0.48165635764598846,0.35110076516866684,0.13055559620261192,
3,260819,mixed,MIXED,CNN_RNND,843,0.422879621386528,0.2980367913842201,0.12484281696379185,
3,260819,mixed,MIXED,CNN_RNND,844,0.413430891931057,0.28471251390874386,0.12871837243437767,
3,260819,mixed,MIXED,CNN_RNND,845,0.5096096843481064,0.36899426579475403,0.14061541482806206,
3,260819,mixed,MIXED,CNN_RNND,846,0.4995730072259903,0.3555111512541771,0.1440618559718132,
3,260819,mixed,MIXED,CNN_RNND,847,0.5901850983500481,0.4348108749836683,0.1553742177784443,
3,260819,mixed,MIXED,CNN_RNND,848,0.3499884009361267,0.2316609025001526,0.11832749657332897,
3,260819,mixed,MIXED,CNN_RNND,849,0.39119019359350204,0.2687179520726204,0.12247224152088165,
3,260819,mixed,MIXED,CNN_RNND,850,0.4195992723107338,0.2954356446862221,0.12416362762451172,
3,260819,mixed,MIXED,CNN_RNND,851,0.43359699100255966,0.30159472301602364,0.13200226053595543,
3,260819,mixed,MIXED,CNN_RNND,852,0.5083857625722885,0.36573977768421173,0.14264598861336708,
3,260819,mixed,MIXED,CNN_RNND,853,0.5275933146476746,0.38418346643447876,0.14340985007584095,
3,260819,mixed,MIXED,CNN_RNND,854,0.529770702123642,0.38802091032266617,0.1417497955262661,
3,260819,mixed,MIXED,CNN_RNND,855,0.4643464758992195,0.32804182171821594,0.13630465231835842,
3,260819,mixed,MIXED,CNN_RNND,856,0.551242895424366,0.4053409658372402,0.14590193703770638,
3,260819,mixed,MIXED,CNN_RNND,857,0.4374603405594826,0.306171715259552,0.13128861971199512,
3,260819,mixed,MIXED,CNN_RNND,858,0.5601812675595284,0.4138972908258438,0.14628397673368454,
3,260819,mixed,MIXED,CNN_RNND,859,0.48979460448026657,0.35719308257102966,0.1326015144586563,
3,260819,mixed,MIXED,CNN_RNND,860,0.4386756047606468,0.30937013775110245,0.12930546887218952,
3,260819,mixed,MIXED,CNN_RNND,861,0.5045113041996956,0.3623324856162071,0.1421788204461336,
3,260819,mixed,MIXED,CNN_RNND,862,0.4001022055745125,0.2723732329905033,0.12772898003458977,
3,260819,mixed,MIXED,CNN_RNND,863,0.37602997943758965,0.25335222855210304,0.12267775274813175,
3,260819,mixed,MIXED,CNN_RNND,864,0.47919492423534393,0.342451024800539,0.1367439068853855,
3,260819,mixed,MIXED,CNN_RNND,865,0.34909242391586304,0.22561196237802505,0.12348045594990253,
3,260819,mixed,MIXED,CNN_RNND,866,0.3672635555267334,0.24918366968631744,0.11807988584041595,
3,260819,mixed,MIXED,CNN_RNND,867,0.30538496375083923,0.1954284179955721,0.109956543892622,
3,260819,mixed,MIXED,CNN_RNND,868,0.41526317596435547,0.2869076766073704,0.1283554993569851,
3,260819,mixed,MIXED,CNN_RNND,869,0.5389317199587822,0.3895835094153881,0.1493482068181038,
3,260819,mixed,MIXED,CNN_RNND,870,0.3195894882082939,0.20521371997892857,0.11437576822936535,
3,260819,mixed,MIXED,CNN_RNND,871,0.31885724887251854,0.20396308973431587,0.11489416286349297,
3,260819,mixed,MIXED,CNN_RNND,872,0.4776473790407181,0.3403352163732052,0.1373121626675129,
3,260819,mixed,MIXED,CNN_RNND,873,0.40139569342136383,0.2743956968188286,0.12700000777840614,
3,260819,mixed,MIXED,CNN_RNND,874,0.31066326051950455,0.19714198634028435,0.11352127604186535,
3,260819,mixed,MIXED,CNN_RNND,875,0.6056827306747437,0.4446752518415451,0.16100747138261795,
3,260819,mixed,MIXED,CNN_RNND,876,0.40034033358097076,0.27695954218506813,0.12338079698383808,
3,260819,mixed,MIXED,CNN_RNND,877,0.5600724592804909,0.41216403990983963,0.14790841192007065,
3,260819,mixed,MIXED,CNN_RNND,878,0.5633722841739655,0.4138484373688698,0.14952383562922478,
3,260819,mixed,MIXED,CNN_RNND,879,0.4863384962081909,0.3512974828481674,0.13504100404679775,
3,260819,mixed,MIXED,CNN_RNND,880,0.585907369852066,0.4369920939207077,0.1489152777940035,
3,260819,mixed,MIXED,CNN_RNND,881,0.49044667929410934,0.35082515329122543,0.1396215334534645,
3,260819,mixed,MIXED,CNN_RNND,882,0.564216174185276,0.4108979403972626,0.15331823751330376,
3,260819,mixed,MIXED,CNN_RNND,883,0.3700520992279053,0.24491399712860584,0.12513809651136398,
3,260819,mixed,MIXED,CNN_RNND,884,0.581641711294651,0.42886631935834885,0.1527753844857216,
3,260819,mixed,MIXED,CNN_RNND,885,0.4712992385029793,0.3390638381242752,0.13223540410399437,
3,260819,mixed,MIXED,CNN_RNND,886,0.5094017088413239,0.36853015422821045,0.1408715508878231,
3,260819,mixed,MIXED,CNN_RNND,887,0.5860264748334885,0.4391114115715027,0.14691506698727608,
3,260819,mixed,MIXED,CNN_RNND,888,0.4233305752277374,0.2918500676751137,0.13148050010204315,
3,260819,mixed,MIXED,CNN_RNND,889,0.47330348938703537,0.3352797348052263,0.1380237489938736,
3,260819,mixed,MIXED,CNN_RNND,890,0.5905788838863373,0.4365624263882637,0.15401647612452507,
3,260819,mixed,MIXED,CNN_RNND,891,0.3541737273335457,0.23674022778868675,0.11743349395692348,
3,260819,mixed,MIXED,CNN_RNND,892,0.5088180899620056,0.3670147880911827,0.1418033018708229,
3,260819,mixed,MIXED,CNN_RNND,893,0.3920057415962219,0.2642303481698036,0.1277754008769989,
3,260819,mixed,MIXED,CNN_RNND,894,0.4428870901465416,0.31673146039247513,0.12615562975406647,
3,260819,mixed,MIXED,CNN_RNND,895,0.49351079016923904,0.3528733141720295,0.14063748344779015,
3,260819,mixed,MIXED,CNN_RNND,896,0.5268376916646957,0.3788304142653942,0.14800729230046272,
3,260819,mixed,MIXED,CNN_RNND,897,0.41495342552661896,0.28394274413585663,0.13101069070398808,
3,260819,mixed,MIXED,CNN_RNND,898,0.41009092330932617,0.28545933589339256,0.12463159114122391,
3,260819,mixed,MIXED,CNN_RNND,899,0.6406735703349113,0.48422161489725113,0.15645195916295052,
3,260819,mixed,MIXED,CNN_RNND,900,0.4665456935763359,0.33375709876418114,0.13278859108686447,
3,260819,mixed,MIXED,CNN_RNND,901,0.48340509831905365,0.3491073399782181,0.13429775461554527,
3,260819,mixed,MIXED,CNN_RNND,902,0.40101930871605873,0.26954902336001396,0.13147028535604477,
3,260819,mixed,MIXED,CNN_RNND,903,0.31707144528627396,0.19903628900647163,0.11803516000509262,
3,260819,mixed,MIXED,CNN_RNND,904,0.4237159304320812,0.296730600297451,0.1269853301346302,
3,260819,mixed,MIXED,CNN_RNND,905,0.35834605246782303,0.23942292109131813,0.11892313696444035,
3,260819,mixed,MIXED,CNN_RNND,906,0.5976379960775375,0.45111966878175735,0.14651833288371563,
3,260819,mixed,MIXED,CNN_RNND,907,0.43402669206261635,0.3020990490913391,0.1319276448339224,
3,260819,mixed,MIXED,CNN_RNND,908,0.4422198459506035,0.3130650017410517,0.12915483862161636,
3,260819,mixed,MIXED,CNN_RNND,909,0.3517102003097534,0.2379525788128376,0.11375761963427067,
3,260819,mixed,MIXED,CNN_RNND,910,0.4431545212864876,0.31186844781041145,0.13128606230020523,
3,260819,mixed,MIXED,CNN_RNND,911,0.6657591760158539,0.4956940561532974,0.17006513103842735,
3,260819,mixed,MIXED,CNN_RNND,912,0.572383213788271,0.4204842858016491,0.15189892798662186,
3,260819,mixed,MIXED,CNN_RNND,913,0.5143423825502396,0.3699936866760254,0.14434870891273022,
3,260819,mixed,MIXED,CNN_RNND,914,0.2615871950984001,0.15688477084040642,0.1047024242579937,
3,260819,mixed,MIXED,CNN_RNND,915,0.5670317560434341,0.4254596456885338,0.14157210662961006,
3,260819,mixed,MIXED,CNN_RNND,916,0.4898173660039902,0.3553929552435875,0.13442442007362843,
3,260819,mixed,MIXED,CNN_RNND,917,0.332326702773571,0.21390866488218307,0.11841804347932339,
3,260819,mixed,MIXED,CNN_RNND,918,0.5166224613785744,0.3690948821604252,0.14752756617963314,
3,260819,mixed,MIXED,CNN_RNND,919,0.6077629327774048,0.44081756472587585,0.16694535315036774,
3,260819,mixed,MIXED,CNN_RNND,920,0.4957815781235695,0.3513898216187954,0.1443917416036129,
3,260819,mixed,MIXED,CNN_RNND,921,0.394196804612875,0.27205014415085316,0.12214666791260242,
3,260819,mixed,MIXED,CNN_RNND,922,0.4916491210460663,0.351933054625988,0.13971607200801373,
3,260819,mixed,MIXED,CNN_RNND,923,0.33448071777820587,0.2210168093442917,0.11346391588449478,
3,260819,mixed,MIXED,CNN_RNND,924,0.47954660654067993,0.34362252801656723,0.1359240710735321,
3,260819,mixed,MIXED,CNN_RNND,925,0.6318681314587593,0.47146305441856384,0.16040508076548576,
3,260819,mixed,MIXED,CNN_RNND,926,0.569093607366085,0.4206700772047043,0.14842353202402592,
3,260819,mixed,MIXED,CNN_RNND,927,0.37115196511149406,0.2523891031742096,0.11876286566257477,
3,260819,mixed,MIXED,CNN_RNND,928,0.4298461154103279,0.29635807126760483,0.13348804414272308,
3,260819,mixed,MIXED,CNN_RNND,929,0.43733884394168854,0.3042837902903557,0.13305504992604256,
3,260819,mixed,MIXED,CNN_RNND,930,0.433601975440979,0.3110564984381199,0.12254546955227852,
3,260819,mixed,MIXED,CNN_RNND,931,0.39425890147686005,0.27318090945482254,0.12107798643410206,
3,260819,mixed,MIXED,CNN_RNND,932,0.41369496285915375,0.2875492684543133,0.12614568881690502,
3,260819,mixed,MIXED,CNN_RNND,933,0.4876334220170975,0.35327086597681046,0.13436255604028702,
3,260819,mixed,MIXED,CNN_RNND,934,0.5856661051511765,0.43406328558921814,0.15160281397402287,
3,260819,mixed,MIXED,CNN_RNND,935,0.3236634321510792,0.21224335953593254,0.11142008379101753,
3,260819,mixed,MIXED,CNN_RNND,936,0.573057122528553,0.41297517716884613,0.16008195281028748,
3,260819,mixed,MIXED,CNN_RNND,937,0.5062339082360268,0.3629884198307991,0.14324548095464706,
3,260819,mixed,MIXED,CNN_RNND,938,0.34471578150987625,0.23010415956377983,0.11461162194609642,
3,260819,mixed,MIXED,CNN_RNND,939,0.34276820346713066,0.22782237827777863,0.11494581401348114,
3,260819,mixed,MIXED,CNN_RNND,940,0.537303552031517,0.39472123980522156,0.14258231967687607,
3,260819,mixed,MIXED,CNN_RNND,941,0.7077009230852127,0.5286486893892288,0.17905223742127419,
3,260819,mixed,MIXED,CNN_RNND,942,0.3706284388899803,0.25329582765698433,0.11733260750770569,
3,260819,mixed,MIXED,CNN_RNND,943,0.5805027484893799,0.42614831402897835,0.15435444191098213,
3,260819,mixed,MIXED,CNN_RNND,944,0.4840878024697304,0.3461781181395054,0.13790968619287014,
3,260819,mixed,MIXED,CNN_RNND,945,0.46593688428401947,0.3272085878998041,0.13872829638421535,
3,260819,mixed,MIXED,CNN_RNND,946,0.4198947697877884,0.28996970504522324,0.12992506101727486,
3,260819,mixed,MIXED,CNN_RNND,947,0.6795866936445236,0.5055618211627007,0.17402486503124237,
3,260819,mixed,MIXED,CNN_RNND,948,0.5501456633210182,0.4068298414349556,0.14331582188606262,
3,260819,mixed,MIXED,CNN_RNND,949,0.652676060795784,0.48786917328834534,0.16480688005685806,
3,260819,mixed,MIXED,CNN_RNND,950,0.30753880739212036,0.19755669683218002,0.10998210683465004,
3,260819,mixed,MIXED,CNN_RNND,951,0.421748124063015,0.29365355893969536,0.12809456326067448,
3,260819,mixed,MIXED,CNN_RNND,952,0.3270467258989811,0.2157032173126936,0.1113434974104166,
3,260819,mixed,MIXED,CNN_RNND,953,0.4078443609178066,0.2852967530488968,0.12254761159420013,
3,260819,mixed,MIXED,CNN_RNND,954,0.42236509174108505,0.2920630946755409,0.13030198588967323,
3,260819,mixed,MIXED,CNN_RNND,955,0.3649905174970627,0.2448888048529625,0.12010170891880989,
3,260819,mixed,MIXED,CNN_RNND,956,0.3986833207309246,0.2726098969578743,0.1260734274983406,
3,260819,mixed,MIXED,CNN_RNND,957,0.45895739644765854,0.3267492949962616,0.13220810517668724,
3,260819,mixed,MIXED,CNN_RNND,958,0.41312242671847343,0.29072509706020355,0.12239732220768929,
3,260819,mixed,MIXED,CNN_RNND,959,0.33912383764982224,0.22176697105169296,0.11735687591135502,
3,260819,mixed,MIXED,CNN_RNND,960,0.3217764273285866,0.21150710806250572,0.110269321128726,
3,260819,mixed,MIXED,CNN_RNND,961,0.44393520802259445,0.3152558133006096,0.12867939472198486,
3,260819,mixed,MIXED,CNN_RNND,962,0.5185366347432137,0.37429753690958023,0.14423910155892372,
3,260819,mixed,MIXED,CNN_RNND,963,0.3935954347252846,0.2679205257445574,0.1256749201565981,
3,260819,mixed,MIXED,CNN_RNND,964,0.4884476512670517,0.3455837070941925,0.1428639441728592,
3,260819,mixed,MIXED,CNN_RNND,965,0.40597985684871674,0.27971746772527695,0.1262623704969883,
3,260819,mixed,MIXED,CNN_RNND,966,0.4192091375589371,0.29783694818615913,0.12137219123542309,
3,260819,mixed,MIXED,CNN_RNND,967,0.4688897356390953,0.330487459897995,0.13840227015316486,
3,260819,mixed,MIXED,CNN_RNND,968,0.4677793085575104,0.3328423500061035,0.13493695855140686,
3,260819,mixed,MIXED,CNN_RNND,969,0.38996823877096176,0.2667431905865669,0.12322505377233028,
3,260819,mixed,MIXED,CNN_RNND,970,0.49352482706308365,0.3546978011727333,0.1388270277529955,
3,260819,mixed,MIXED,CNN_RNND,971,0.4998551905155182,0.3516708239912987,0.1481843702495098,
3,260819,mixed,MIXED,CNN_RNND,972,0.3759582191705704,0.2519115526229143,0.12404666654765606,
3,260819,mixed,MIXED,CNN_RNND,973,0.4104849472641945,0.28372205048799515,0.12676290050148964,
3,260819,mixed,MIXED,CNN_RNND,974,0.3145145960152149,0.20238295756280422,0.11213163658976555,
3,260819,mixed,MIXED,CNN_RNND,975,0.5664979591965675,0.4203413724899292,0.1461565811187029,
3,260819,mixed,MIXED,CNN_RNND,976,0.28549566864967346,0.18044442683458328,0.10505123436450958,
3,260819,mixed,MIXED,CNN_RNND,977,0.3916589915752411,0.27127693220973015,0.12038205936551094,
3,260819,mixed,MIXED,CNN_RNND,978,0.5497772395610809,0.3989202380180359,0.15085699409246445,
3,260819,mixed,MIXED,CNN_RNND,979,0.42812298238277435,0.2971038371324539,0.131019139662385,
3,260819,mixed,MIXED,CNN_RNND,980,0.43847811967134476,0.3083704859018326,0.13010763749480247,
3,260819,mixed,MIXED,CNN_RNND,981,0.3913400322198868,0.2663606218993664,0.1249794028699398,
3,260819,mixed,MIXED,CNN_RNND,982,0.5123241096735001,0.3721194565296173,0.1402046550065279,
3,260819,mixed,MIXED,CNN_RNND,983,0.48129895329475403,0.34688979387283325,0.13440915197134018,
3,260819,mixed,MIXED,CNN_RNND,984,0.6683835238218307,0.5068102478981018,0.16157327219843864,
3,260819,mixed,MIXED,CNN_RNND,985,0.5245243608951569,0.37822869420051575,0.14629566296935081,
3,260819,mixed,MIXED,CNN_RNND,986,0.4038734883069992,0.28070470318198204,0.12316877767443657,
3,260819,mixed,MIXED,CNN_RNND,987,0.47552260756492615,0.34008748084306717,0.13543513044714928,
3,260819,mixed,MIXED,CNN_RNND,988,0.46448667347431183,0.3313927687704563,0.1330939084291458,
3,260819,mixed,MIXED,CNN_RNND,989,0.5457565858960152,0.40412601083517075,0.14163057506084442,
3,260819,mixed,MIXED,CNN_RNND,990,0.45666664838790894,0.326153252273798,0.13051340356469154,
3,260819,mixed,MIXED,CNN_RNND,991,0.6462078765034676,0.4877300076186657,0.15847788006067276,
3,260819,mixed,MIXED,CNN_RNND,992,0.5649251043796539,0.41528307646512985,0.14964202418923378,
3,260819,mixed,MIXED,CNN_RNND,993,0.45896559208631516,0.3264414370059967,0.13252415508031845,
3,260819,mixed,MIXED,CNN_RNND,994,0.5088100135326385,0.3628372959792614,0.14597271010279655,
3,260819,mixed,MIXED,CNN_RNND,995,0.5428377836942673,0.40025195851922035,0.14258583262562752,
3,260819,mixed,MIXED,CNN_RNND,996,0.48752325028181076,0.3520771488547325,0.13544609770178795,
3,260819,mixed,MIXED,CNN_RNND,997,0.5205231755971909,0.3768998682498932,0.14362330548465252,
3,260819,mixed,MIXED,CNN_RNND,998,0.40906938537955284,0.28237611427903175,0.12669328600168228,
3,260819,mixed,MIXED,CNN_RNND,999,0.6002825200557709,0.44922035932540894,0.15106216073036194,
3,260819,mixed,MIXED,CNN_RNND,1000,0.4957335740327835,0.3564249090850353,0.13930867239832878,-0.625204052209824
3,260819,mixed,MIXED,CNN_RNND,1001,0.45570671185851097,0.3213457763195038,0.13436093367636204,
3,260819,mixed,MIXED,CNN_RNND,1002,0.40696248412132263,0.27542953938245773,0.1315329447388649,
3,260819,mixed,MIXED,CNN_RNND,1003,0.575977124273777,0.4236269146203995,0.15235021151602268,
3,260819,mixed,MIXED,CNN_RNND,1004,0.4240601062774658,0.2967650592327118,0.12729504331946373,
3,260819,mixed,MIXED,CNN_RNND,1005,0.403637170791626,0.28411636501550674,0.11952080763876438,
3,260819,mixed,MIXED,CNN_RNND,1006,0.34617457911372185,0.22477670013904572,0.12139788642525673,
3,260819,mixed,MIXED,CNN_RNND,1007,0.5674514099955559,0.4179665669798851,0.14948483742773533,
3,260819,mixed,MIXED,CNN_RNND,1008,0.47588350623846054,0.34505005925893784,0.1308334618806839,
3,260819,mixed,MIXED,CNN_RNND,1009,0.4541849195957184,0.3226758372038603,0.1315090674906969,
3,260819,mixed,MIXED,CNN_RNND,1010,0.5459272488951683,0.3967207781970501,0.14920646138489246,
3,260819,mixed,MIXED,CNN_RNND,1011,0.42201442271471024,0.290212944149971,0.13180147111415863,
3,260819,mixed,MIXED,CNN_RNND,1012,0.520910806953907,0.38042647019028664,0.14048433303833008,
3,260819,mixed,MIXED,CNN_RNND,1013,0.47623998671770096,0.3408346474170685,0.13540533743798733,
3,260819,mixed,MIXED,CNN_RNND,1014,0.5180575251579285,0.37591996416449547,0.14213757030665874,
3,260819,mixed,MIXED,CNN_RNND,1015,0.4061525836586952,0.2827380448579788,0.1234145499765873,
3,260819,mixed,MIXED,CNN_RNND,1016,0.36543960869312286,0.25041284784674644,0.11502676084637642,
3,260819,mixed,MIXED,CNN_RNND,1017,0.39442264288663864,0.2756897434592247,0.11873290687799454,
3,260819,mixed,MIXED,CNN_RNND,1018,0.48425445705652237,0.34602103009819984,0.13823342695832253,
3,260819,mixed,MIXED,CNN_RNND,1019,0.44089610129594803,0.3125021904706955,0.12839392200112343,
3,260819,mixed,MIXED,CNN_RNND,1020,0.5959492921829224,0.4322635233402252,0.16368578001856804,
3,260819,mixed,MIXED,CNN_RNND,1021,0.5023220404982567,0.35367835499346256,0.14864368923008442,
3,260819,mixed,MIXED,CNN_RNND,1022,0.5092635117471218,0.3670903593301773,0.1421731598675251,
3,260819,mixed,MIXED,CNN_RNND,1023,0.40050648152828217,0.2733885943889618,0.12711788900196552,
3,260819,mixed,MIXED,CNN_RNND,1024,0.34575337171554565,0.2281093392521143,0.1176440380513668,
3,260819,mixed,MIXED,CNN_RNND,1025,0.383768193423748,0.26265261694788933,0.12111557088792324,
3,260819,mixed,MIXED,CNN_RNND,1026,0.4868900999426842,0.3488732576370239,0.1380168590694666,
3,260819,mixed,MIXED,CNN_RNND,1027,0.41537202149629593,0.29168403521180153,0.12368797697126865,
3,260819,mixed,MIXED,CNN_RNND,1028,0.4031704068183899,0.2817354202270508,0.12143499031662941,
3,260819,mixed,MIXED,CNN_RNND,1029,0.4800074175000191,0.34253623336553574,0.13747117668390274,
3,260819,mixed,MIXED,CNN_RNND,1030,0.35718146711587906,0.2402396760880947,0.1169417817145586,
3,260819,mixed,MIXED,CNN_RNND,1031,0.5630088672041893,0.4116733968257904,0.1513354703783989,
3,260819,mixed,MIXED,CNN_RNND,1032,0.5026491954922676,0.3656379468739033,0.13701126165688038,
3,260819,mixed,MIXED,CNN_RNND,1033,0.5331270322203636,0.3841400519013405,0.14898698031902313,
3,260819,mixed,MIXED,CNN_RNND,1034,0.5862692818045616,0.4303962290287018,0.15587305277585983,
3,260819,mixed,MIXED,CNN_RNND,1035,0.46185076609253883,0.3274995647370815,0.1343511864542961,
3,260819,mixed,MIXED,CNN_RNND,1036,0.3553162291646004,0.24133868888020515,0.11397753655910492,
3,260819,mixed,MIXED,CNN_RNND,1037,0.49874283373355865,0.35996002703905106,0.13878280110657215,
3,260819,mixed,MIXED,CNN_RNND,1038,0.3919917419552803,0.27321478724479675,0.1187769565731287,
3,260819,mixed,MIXED,CNN_RNND,1039,0.41832949221134186,0.29169391095638275,0.1266355812549591,
3,260819,mixed,MIXED,CNN_RNND,1040,0.3961073011159897,0.2704508937895298,0.12565641291439533,
3,260819,mixed,MIXED,CNN_RNND,1041,0.4485100582242012,0.31547048687934875,0.1330395843833685,
3,260819,mixed,MIXED,CNN_RNND,1042,0.48547083139419556,0.3550837002694607,0.13038713671267033,
3,260819,mixed,MIXED,CNN_RNND,1043,0.4943189471960068,0.35038453340530396,0.14393440820276737,
3,260819,mixed,MIXED,CNN_RNND,1044,0.4032875895500183,0.27865385822951794,0.12463372573256493,
3,260819,mixed,MIXED,CNN_RNND,1045,0.3830152153968811,0.26286594197154045,0.12014926970005035,
3,260819,mixed,MIXED,CNN_RNND,1046,0.4460756927728653,0.31231918558478355,0.13375649601221085,
3,260819,mixed,MIXED,CNN_RNND,1047,0.3907623514533043,0.26453690603375435,0.12622543796896935,
3,260819,mixed,MIXED,CNN_RNND,1048,0.5590721555054188,0.4072760008275509,0.1517961472272873,
3,260819,mixed,MIXED,CNN_RNND,1049,0.5108683779835701,0.37288467586040497,0.13798369280993938,
3,260819,mixed,MIXED,CNN_RNND,1050,0.37769749760627747,0.25730201229453087,0.12039549462497234,
3,260819,mixed,MIXED,CNN_RNND,1051,0.6391028165817261,0.4789392203092575,0.16016359627246857,
3,260819,mixed,MIXED,CNN_RNND,1052,0.26909684762358665,0.1593694668263197,0.10972738452255726,
3,260819,mixed,MIXED,CNN_RNND,1053,0.4314201585948467,0.3067384213209152,0.1246817409992218,
3,260819,mixed,MIXED,CNN_RNND,1054,0.4636585935950279,0.327874019742012,0.1357845701277256,
3,260819,mixed,MIXED,CNN_RNND,1055,0.4504340961575508,0.31941498816013336,0.131019102409482,
3,260819,mixed,MIXED,CNN_RNND,1056,0.5388020724058151,0.3937061056494713,0.14509597420692444,
3,260819,mixed,MIXED,CNN_RNND,1057,0.5002003461122513,0.36245402693748474,0.13774631917476654,
3,260819,mixed,MIXED,CNN_RNND,1058,0.37762268260121346,0.2584611587226391,0.11916152760386467,
3,260819,mixed,MIXED,CNN_RNND,1059,0.4903992488980293,0.35704611986875534,0.13335313089191914,
3,260819,mixed,MIXED,CNN_RNND,1060,0.4468303620815277,0.31780896335840225,0.12902139313519,
3,260819,mixed,MIXED,CNN_RNND,1061,0.46524349972605705,0.32715598680078983,0.13808750919997692,
3,260819,mixed,MIXED,CNN_RNND,1062,0.38005606085062027,0.2610474545508623,0.11900860071182251,
3,260819,mixed,MIXED,CNN_RNND,1063,0.4658496528863907,0.3248020391911268,0.141047615557909,
3,260819,mixed,MIXED,CNN_RNND,1064,0.5056742578744888,0.3663313016295433,0.13934295624494553,
3,260819,mixed,MIXED,CNN_RNND,1065,0.4557087980210781,0.32008033245801926,0.13562845066189766,
3,260819,mixed,MIXED,CNN_RNND,1066,0.47923657298088074,0.34205644205212593,0.1371801272034645,
3,260819,mixed,MIXED,CNN_RNND,1067,0.5363815724849701,0.3922828398644924,0.14409873262047768,
3,260819,mixed,MIXED,CNN_RNND,1068,0.3658216595649719,0.24516185000538826,0.12065981328487396,
3,260819,mixed,MIXED,CNN_RNND,1069,0.6186512261629105,0.4647289738059044,0.15392225049436092,
3,260819,mixed,MIXED,CNN_RNND,1070,0.45799318328499794,0.32108917087316513,0.1369040161371231,
3,260819,mixed,MIXED,CNN_RNND,1071,0.4912227839231491,0.35208848491311073,0.13913430832326412,
3,260819,mixed,MIXED,CNN_RNND,1072,0.4579191952943802,0.3240973874926567,0.13382180780172348,
3,260819,mixed,MIXED,CNN_RNND,1073,0.446321539580822,0.3075444996356964,0.13877705112099648,
3,260819,mixed,MIXED,CNN_RNND,1074,0.5924416184425354,0.4424072727560997,0.1500343456864357,
3,260819,mixed,MIXED,CNN_RNND,1075,0.48423077911138535,0.34694528207182884,0.13728550262749195,
3,260819,mixed,MIXED,CNN_RNND,1076,0.5139393731951714,0.3697107695043087,0.14422859251499176,
3,260819,mixed,MIXED,CNN_RNND,1077,0.44920043274760246,0.30904310941696167,0.1401573233306408,
3,260819,mixed,MIXED,CNN_RNND,1078,0.44722071290016174,0.31722385436296463,0.12999686039984226,
3,260819,mixed,MIXED,CNN_RNND,1079,0.3751150965690613,0.25425103306770325,0.12086406350135803,
3,260819,mixed,MIXED,CNN_RNND,1080,0.4026702418923378,0.28335030376911163,0.11931994743645191,
3,260819,mixed,MIXED,CNN_RNND,1081,0.3681359142065048,0.24612898752093315,0.12200693599879742,
3,260819,mixed,MIXED,CNN_RNND,1082,0.6533519923686981,0.4903569221496582,0.16299506276845932,
3,260819,mixed,MIXED,CNN_RNND,1083,0.4522029235959053,0.3190392181277275,0.13316371105611324,
3,260819,mixed,MIXED,CNN_RNND,1084,0.5337363108992577,0.390832856297493,0.14290344342589378,
3,260819,mixed,MIXED,CNN_RNND,1085,0.5104323178529739,0.3683949075639248,0.14203740656375885,
3,260819,mixed,MIXED,CNN_RNND,1086,0.5201195254921913,0.3804099000990391,0.1397096235305071,
3,260819,mixed,MIXED,CNN_RNND,1087,0.33062540739774704,0.2172519564628601,0.11337345279753208,
3,260819,mixed,MIXED,CNN_RNND,1088,0.47761180251836777,0.34453441575169563,0.13307738490402699,
3,260819,mixed,MIXED,CNN_RNND,1089,0.5471491292119026,0.393440168350935,0.15370896831154823,
3,260819,mixed,MIXED,CNN_RNND,1090,0.4090181663632393,0.28424572572112083,0.1247724387794733,
3,260819,mixed,MIXED,CNN_RNND,1091,0.45837509632110596,0.32542529702186584,0.13294979743659496,
3,260819,mixed,MIXED,CNN_RNND,1092,0.6344757452607155,0.47605836018919945,0.15841738879680634,
3,260819,mixed,MIXED,CNN_RNND,1093,0.35400962084531784,0.24138469249010086,0.11262493580579758,
3,260819,mixed,MIXED,CNN_RNND,1094,0.3956954553723335,0.2746129259467125,0.12108253315091133,
3,260819,mixed,MIXED,CNN_RNND,1095,0.501804955303669,0.3629910238087177,0.13881392776966095,
3,260819,mixed,MIXED,CNN_RNND,1096,0.44652288034558296,0.3099261801689863,0.1365967057645321,
3,260819,mixed,MIXED,CNN_RNND,1097,0.3497235104441643,0.23059257678687572,0.11913093365728855,
3,260819,mixed,MIXED,CNN_RNND,1098,0.4886942058801651,0.351807426661253,0.13688677735626698,
3,260819,mixed,MIXED,CNN_RNND,1099,0.6492371559143066,0.4879240542650223,0.16131308674812317,
3,260819,mixed,MIXED,CNN_RNND,1100,0.43580231815576553,0.3100401610136032,0.12576215155422688,
3,260819,mixed,MIXED,CNN_RNND,1101,0.48418979346752167,0.3497336618602276,0.13445613533258438,
3,260819,mixed,MIXED,CNN_RNND,1102,0.3652840778231621,0.24630744010210037,0.118976641446352,
3,260819,mixed,MIXED,CNN_RNND,1103,0.48898516595363617,0.3588343411684036,0.130150830373168,
3,260819,mixed,MIXED,CNN_RNND,1104,0.664377935230732,0.4983263462781906,0.1660515982657671,
3,260819,mixed,MIXED,CNN_RNND,1105,0.45966706424951553,0.32901086658239365,0.1306561976671219,
3,260819,mixed,MIXED,CNN_RNND,1106,0.5601558834314346,0.4072871059179306,0.15286876633763313,
3,260819,mixed,MIXED,CNN_RNND,1107,0.5323712825775146,0.3894673064351082,0.14290396496653557,
3,260819,mixed,MIXED,CNN_RNND,1108,0.35993199050426483,0.24444152042269707,0.11549046821892262,
3,260819,mixed,MIXED,CNN_RNND,1109,0.42616790533065796,0.3016149140894413,0.12455298565328121,
3,260819,mixed,MIXED,CNN_RNND,1110,0.4937248006463051,0.36137866973876953,0.13234613835811615,
3,260819,mixed,MIXED,CNN_RNND,1111,0.40268439054489136,0.277804147452116,0.1248802337795496,
3,260819,mixed,MIXED,CNN_RNND,1112,0.4189128205180168,0.2937263026833534,0.12518651597201824,
3,260819,mixed,MIXED,CNN_RNND,1113,0.5186350718140602,0.3786272257566452,0.1400078535079956,
3,260819,mixed,MIXED,CNN_RNND,1114,0.5107963979244232,0.371804878115654,0.13899152725934982,
3,260819,mixed,MIXED,CNN_RNND,1115,0.536849282681942,0.3916267976164818,0.1452224813401699,
3,260819,mixed,MIXED,CNN_RNND,1116,0.4064638614654541,0.2817530483007431,0.12471080757677555,
3,260819,mixed,MIXED,CNN_RNND,1117,0.4609587863087654,0.32539347000420094,0.13556531257927418,
3,260819,mixed,MIXED,CNN_RNND,1118,0.3713385686278343,0.2551569417119026,0.1161816194653511,
3,260819,mixed,MIXED,CNN_RNND,1119,0.6613288968801498,0.48971201479434967,0.17161687090992928,
3,260819,mixed,MIXED,CNN_RNND,1120,0.4171224310994148,0.2893613316118717,0.1277610957622528,
3,260819,mixed,MIXED,CNN_RNND,1121,0.42919543385505676,0.3007424995303154,0.12845293805003166,
3,260819,mixed,MIXED,CNN_RNND,1122,0.4514954760670662,0.318518552929163,0.1329769268631935,
3,260819,mixed,MIXED,CNN_RNND,1123,0.5397822484374046,0.3971085399389267,0.1426737029105425,
3,260819,mixed,MIXED,CNN_RNND,1124,0.5112536288797855,0.3717317581176758,0.13952186703681946,
3,260819,mixed,MIXED,CNN_RNND,1125,0.643198624253273,0.47746996581554413,0.16572866588830948,
3,260819,mixed,MIXED,CNN_RNND,1126,0.5972630530595779,0.4461435601115227,0.15111949294805527,
3,260819,mixed,MIXED,CNN_RNND,1127,0.5623832046985626,0.40253059566020966,0.15985262021422386,
3,260819,mixed,MIXED,CNN_RNND,1128,0.5442623347043991,0.40016163885593414,0.14410069957375526,
3,260819,mixed,MIXED,CNN_RNND,1129,0.5857477337121964,0.4346882253885269,0.15105949714779854,
3,260819,mixed,MIXED,CNN_RNND,1130,0.3144881948828697,0.20233370177447796,0.11215449310839176,
3,260819,mixed,MIXED,CNN_RNND,1131,0.5433931201696396,0.3986674025654793,0.1447257213294506,
3,260819,mixed,MIXED,CNN_RNND,1132,0.4645189493894577,0.3329155668616295,0.1316033899784088,
3,260819,mixed,MIXED,CNN_RNND,1133,0.6143038049340248,0.4561912789940834,0.1581125259399414,
3,260819,mixed,MIXED,CNN_RNND,1134,0.3505563735961914,0.23263885453343391,0.11791751906275749,
3,260819,mixed,MIXED,CNN_RNND,1135,0.5333151966333389,0.3834352418780327,0.14987996220588684,
3,260819,mixed,MIXED,CNN_RNND,1136,0.48077424615621567,0.34696468338370323,0.13380956649780273,
3,260819,mixed,MIXED,CNN_RNND,1137,0.4032118022441864,0.28144221752882004,0.12176957912743092,
3,260819,mixed,MIXED,CNN_RNND,1138,0.56227907538414,0.4112676754593849,0.151011373847723,
3,260819,mixed,MIXED,CNN_RNND,1139,0.3537481725215912,0.23663421720266342,0.11711395904421806,
3,260819,mixed,MIXED,CNN_RNND,1140,0.432218961417675,0.30455148965120316,0.127667473629117,
3,260819,mixed,MIXED,CNN_RNND,1141,0.5494490712881088,0.39898844435811043,0.15046061389148235,
3,260819,mixed,MIXED,CNN_RNND,1142,0.4881307892501354,0.3547987397760153,0.13333204947412014,
3,260819,mixed,MIXED,CNN_RNND,1143,0.6369568407535553,0.47633397579193115,0.16062285751104355,
3,260819,mixed,MIXED,CNN_RNND,1144,0.5176066234707832,0.37819654494524,0.13941007107496262,
3,260819,mixed,MIXED,CNN_RNND,1145,0.5632407814264297,0.4190123453736305,0.14422843046486378,
3,260819,mixed,MIXED,CNN_RNND,1146,0.6199705004692078,0.46116816997528076,0.1588023267686367,
3,260819,mixed,MIXED,CNN_RNND,1147,0.47622085362672806,0.3418714329600334,0.1343494188040495,
3,260819,mixed,MIXED,CNN_RNND,1148,0.3579808585345745,0.2360752783715725,0.12190558761358261,
3,260819,mixed,MIXED,CNN_RNND,1149,0.48152878880500793,0.34285296127200127,0.138675844296813,
3,260819,mixed,MIXED,CNN_RNND,1150,0.5797897428274155,0.42776235938072205,0.15202738344669342,
3,260819,mixed,MIXED,CNN_RNND,1151,0.48309195786714554,0.3476020134985447,0.1354899425059557,
3,260819,mixed,MIXED,CNN_RNND,1152,0.6165831089019775,0.46364298462867737,0.15294011496007442,
3,260819,mixed,MIXED,CNN_RNND,1153,0.4777594655752182,0.33826926350593567,0.13949019834399223,
3,260819,mixed,MIXED,CNN_RNND,1154,0.6109504550695419,0.4535347446799278,0.1574157252907753,
3,260819,mixed,MIXED,CNN_RNND,1155,0.5001068189740181,0.36331747472286224,0.1367893349379301,
3,260819,mixed,MIXED,CNN_RNND,1156,0.6360495090484619,0.4792003631591797,0.15684914961457253,
3,260819,mixed,MIXED,CNN_RNND,1157,0.5101606845855713,0.3758587334305048,0.13430193066596985,
3,260819,mixed,MIXED,CNN_RNND,1158,0.4081471748650074,0.2821232508867979,0.1260239314287901,
3,260819,mixed,MIXED,CNN_RNND,1159,0.3650195114314556,0.24769505858421326,0.1173244509845972,
3,260819,mixed,MIXED,CNN_RNND,1160,0.5564442276954651,0.4144338220357895,0.1420104093849659,
3,260819,mixed,MIXED,CNN_RNND,1161,0.43442852795124054,0.3032775782048702,0.13115094974637032,
3,260819,mixed,MIXED,CNN_RNND,1162,0.3569871596992016,0.245912317186594,0.11107484064996243,
3,260819,mixed,MIXED,CNN_RNND,1163,0.455887146294117,0.3222956880927086,0.13359146565198898,
3,260819,mixed,MIXED,CNN_RNND,1164,0.3989837281405926,0.2798563465476036,0.11912737600505352,
3,260819,mixed,MIXED,CNN_RNND,1165,0.5118920281529427,0.3726501688361168,0.13924184814095497,
3,260819,mixed,MIXED,CNN_RNND,1166,0.40784209966659546,0.2909558340907097,0.11688627488911152,
3,260819,mixed,MIXED,CNN_RNND,1167,0.49962863326072693,0.36114440858364105,0.13848421908915043,
3,260819,mixed,MIXED,CNN_RNND,1168,0.5190806612372398,0.37426717579364777,0.14481348358094692,
3,260819,mixed,MIXED,CNN_RNND,1169,0.5351031571626663,0.3899660296738148,0.14513711631298065,
3,260819,mixed,MIXED,CNN_RNND,1170,0.4836764633655548,0.34730370342731476,0.13637275993824005,
3,260819,mixed,MIXED,CNN_RNND,1171,0.4351780265569687,0.3015313521027565,0.1336466744542122,
3,260819,mixed,MIXED,CNN_RNND,1172,0.5568409934639931,0.40790822356939316,0.14893278293311596,
3,260819,mixed,MIXED,CNN_RNND,1173,0.41540975868701935,0.29205765575170517,0.12335211038589478,
3,260819,mixed,MIXED,CNN_RNND,1174,0.3529716618359089,0.23810996115207672,0.11486170440912247,
3,260819,mixed,MIXED,CNN_RNND,1175,0.5263901129364967,0.38716693967580795,0.13922316394746304,
3,260819,mixed,MIXED,CNN_RNND,1176,0.537074126303196,0.39350397884845734,0.14357014000415802,
3,260819,mixed,MIXED,CNN_RNND,1177,0.600842222571373,0.44251348823308945,0.15832874178886414,
3,260819,mixed,MIXED,CNN_RNND,1178,0.3552824631333351,0.24223231337964535,0.11305014789104462,
3,260819,mixed,MIXED,CNN_RNND,1179,0.6515123322606087,0.48729050159454346,0.16422183066606522,
3,260819,mixed,MIXED,CNN_RNND,1180,0.5722489058971405,0.4198725298047066,0.15237635746598244,
3,260819,mixed,MIXED,CNN_RNND,1181,0.5978998839855194,0.44626858085393906,0.15163129195570946,
3,260819,mixed,MIXED,CNN_RNND,1182,0.5047478377819061,0.36495814099907875,0.13978969864547253,
3,260819,mixed,MIXED,CNN_RNND,1183,0.43418028205633163,0.31147047877311707,0.12270979955792427,
3,260819,mixed,MIXED,CNN_RNND,1184,0.3659023270010948,0.24347878247499466,0.12242354080080986,
3,260819,mixed,MIXED,CNN_RNND,1185,0.5010176822543144,0.3590426370501518,0.141975037753582,
3,260819,mixed,MIXED,CNN_RNND,1186,0.44810327142477036,0.3197258859872818,0.12837738171219826,
3,260819,mixed,MIXED,CNN_RNND,1187,0.5871787518262863,0.43558911234140396,0.1515896301716566,
3,260819,mixed,MIXED,CNN_RNND,1188,0.37839432060718536,0.2615625448524952,0.11683176457881927,
3,260819,mixed,MIXED,CNN_RNND,1189,0.5774981826543808,0.42956412956118584,0.14793405309319496,
3,260819,mixed,MIXED,CNN_RNND,1190,0.5034216642379761,0.3633078262209892,0.1401138436049223,
3,260819,mixed,MIXED,CNN_RNND,1191,0.5993682891130447,0.4402913525700569,0.15907693468034267,
3,260819,mixed,MIXED,CNN_RNND,1192,0.5582815110683441,0.4234495386481285,0.1348319686949253,
3,260819,mixed,MIXED,CNN_RNND,1193,0.45390211790800095,0.3269301876425743,0.12697193399071693,
3,260819,mixed,MIXED,CNN_RNND,1194,0.4367237314581871,0.30734073370695114,0.12938298471271992,
3,260819,mixed,MIXED,CNN_RNND,1195,0.44726452231407166,0.3237534426152706,0.12351108714938164,
3,260819,mixed,MIXED,CNN_RNND,1196,0.42476968467235565,0.29819634556770325,0.12657333351671696,
3,260819,mixed,MIXED,CNN_RNND,1197,0.40420641377568245,0.28184419870376587,0.12236221879720688,
3,260819,mixed,MIXED,CNN_RNND,1198,0.34835390001535416,0.23557434417307377,0.11277956888079643,
3,260819,mixed,MIXED,CNN_RNND,1199,0.3227762132883072,0.21507257409393787,0.10770364478230476,
3,260819,mixed,MIXED,CNN_RNND,1200,0.38352562487125397,0.26394151896238327,0.11958410777151585,-0.6468635846873978
3,260819,mixed,MIXED,CNN_RNND,1201,0.43717528879642487,0.3140668608248234,0.12310842983424664,
3,260819,mixed,MIXED,CNN_RNND,1202,0.39880700409412384,0.280931293964386,0.117875711992383,
3,260819,mixed,MIXED,CNN_RNND,1203,0.3881872668862343,0.2711907997727394,0.11699647083878517,
3,260819,mixed,MIXED,CNN_RNND,1204,0.5797002762556076,0.4311027452349663,0.14859754219651222,
3,260819,mixed,MIXED,CNN_RNND,1205,0.4313676171004772,0.3019714057445526,0.12939620576798916,
3,260819,mixed,MIXED,CNN_RNND,1206,0.5521285384893417,0.40235868096351624,0.1497698612511158,
3,260819,mixed,MIXED,CNN_RNND,1207,0.4481295421719551,0.321682408452034,0.12644713558256626,
3,260819,mixed,MIXED,CNN_RNND,1208,0.5140500254929066,0.3743125554174185,0.1397374738007784,
3,260819,mixed,MIXED,CNN_RNND,1209,0.3674944080412388,0.251032542437315,0.1164618618786335,
3,260819,mixed,MIXED,CNN_RNND,1210,0.4259850084781647,0.3015067111700773,0.1244783103466034,
3,260819,mixed,MIXED,CNN_RNND,1211,0.4540122002363205,0.3272145092487335,0.12679769471287727,
3,260819,mixed,MIXED,CNN_RNND,1212,0.37510546296834946,0.2560780569911003,0.11902739480137825,
3,260819,mixed,MIXED,CNN_RNND,1213,0.3228753097355366,0.21586106345057487,0.10701424442231655,
3,260819,mixed,MIXED,CNN_RNND,1214,0.642792820930481,0.482476893812418,0.16031593084335327,
3,260819,mixed,MIXED,CNN_RNND,1215,0.5012155026197433,0.36438290774822235,0.1368325911462307,
3,260819,mixed,MIXED,CNN_RNND,1216,0.43155352771282196,0.308077797293663,0.12347572669386864,
3,260819,mixed,MIXED,CNN_RNND,1217,0.49596699327230453,0.3604426980018616,0.13552428968250751,
3,260819,mixed,MIXED,CNN_RNND,1218,0.5423187538981438,0.39872271567583084,0.14359603635966778,
3,260819,mixed,MIXED,CNN_RNND,1219,0.5447910130023956,0.3965963050723076,0.14819469675421715,
3,260819,mixed,MIXED,CNN_RNND,1220,0.3809254616498947,0.26079325936734676,0.12013220973312855,
3,260819,mixed,MIXED,CNN_RNND,1221,0.44138938933610916,0.3138364553451538,0.12755293026566505,
3,260819,mixed,MIXED,CNN_RNND,1222,0.5084954053163528,0.3706984557211399,0.13779694959521294,
3,260819,mixed,MIXED,CNN_RNND,1223,0.38628530502319336,0.2636678535491228,0.12261745892465115,
3,260819,mixed,MIXED,CNN_RNND,1224,0.44103626906871796,0.31209007650613785,0.12894619815051556,
3,260819,mixed,MIXED,CNN_RNND,1225,0.3798844739794731,0.26591427624225616,0.11397020146250725,
3,260819,mixed,MIXED,CNN_RNND,1226,0.47402646392583847,0.33572500944137573,0.13830145075917244,
3,260819,mixed,MIXED,CNN_RNND,1227,0.6252178698778152,0.47023793309926987,0.15497994050383568,
3,260819,mixed,MIXED,CNN_RNND,1228,0.6181373745203018,0.46392912417650223,0.1542082503437996,
3,260819,mixed,MIXED,CNN_RNND,1229,0.4088735207915306,0.2830914482474327,0.12578207440674305,
3,260819,mixed,MIXED,CNN_RNND,1230,0.5117671638727188,0.3695125915110111,0.1422545723617077,
3,260819,mixed,MIXED,CNN_RNND,1231,0.5151724740862846,0.37645895779132843,0.1387135125696659,
3,260819,mixed,MIXED,CNN_RNND,1232,0.534362718462944,0.39303258061408997,0.14133013039827347,
3,260819,mixed,MIXED,CNN_RNND,1233,0.3128089904785156,0.20512951351702213,0.10767948068678379,
3,260819,mixed,MIXED,CNN_RNND,1234,0.4592250846326351,0.32413921132683754,0.13508587516844273,
3,260819,mixed,MIXED,CNN_RNND,1235,0.6767721474170685,0.5111823678016663,0.16558978334069252,
3,260819,mixed,MIXED,CNN_RNND,1236,0.5173304080963135,0.3737420216202736,0.143588375300169,
3,260819,mixed,MIXED,CNN_RNND,1237,0.3949345797300339,0.2722218185663223,0.12271274998784065,
3,260819,mixed,MIXED,CNN_RNND,1238,0.4328940361738205,0.3070596195757389,0.12583442404866219,
3,260819,mixed,MIXED,CNN_RNND,1239,0.5090349391102791,0.36742496117949486,0.14160999096930027,
3,260819,mixed,MIXED,CNN_RNND,1240,0.38643915951251984,0.26416511461138725,0.12227405235171318,
3,260819,mixed,MIXED,CNN_RNND,1241,0.32911159470677376,0.2206849567592144,0.1084266435354948,
3,260819,mixed,MIXED,CNN_RNND,1242,0.43949638679623604,0.3059350252151489,0.1335613615810871,
3,260819,mixed,MIXED,CNN_RNND,1243,0.38743557780981064,0.2705225721001625,0.11691300384700298,
3,260819,mixed,MIXED,CNN_RNND,1244,0.38840342313051224,0.27314312383532524,0.11526029743254185,
3,260819,mixed,MIXED,CNN_RNND,1245,0.42706772685050964,0.3025974854826927,0.12447022460401058,
3,260819,mixed,MIXED,CNN_RNND,1246,0.4895496293902397,0.3505067601799965,0.13904285989701748,
3,260819,mixed,MIXED,CNN_RNND,1247,0.46130815148353577,0.3353789187967777,0.1259292419999838,
3,260819,mixed,MIXED,CNN_RNND,1248,0.5061242952942848,0.3618122525513172,0.14431204833090305,
3,260819,mixed,MIXED,CNN_RNND,1249,0.4304402843117714,0.30596546456217766,0.12447481602430344,
3,260819,mixed,MIXED,CNN_RNND,1250,0.42401038855314255,0.3023606464266777,0.12164975330233574,
3,260819,mixed,MIXED,CNN_RNND,1251,0.4802403748035431,0.35366081818938255,0.1265795435756445,
3,260819,mixed,MIXED,CNN_RNND,1252,0.5226938277482986,0.38214316964149475,0.1405506506562233,
3,260819,mixed,MIXED,CNN_RNND,1253,0.4022642523050308,0.28179561346769333,0.12046864628791809,
3,260819,mixed,MIXED,CNN_RNND,1254,0.44148019701242447,0.3144276291131973,0.1270525623112917,
3,260819,mixed,MIXED,CNN_RNND,1255,0.5424304008483887,0.39709604158997536,0.14533435553312302,
3,260819,mixed,MIXED,CNN_RNND,1256,0.6040539890527725,0.4538094773888588,0.15024450048804283,
3,260819,mixed,MIXED,CNN_RNND,1257,0.46609801054000854,0.33361171931028366,0.13248628936707973,
3,260819,mixed,MIXED,CNN_RNND,1258,0.5607602894306183,0.4133813977241516,0.14737889915704727,
3,260819,mixed,MIXED,CNN_RNND,1259,0.5580555647611618,0.40962448343634605,0.14843107387423515,
3,260819,mixed,MIXED,CNN_RNND,1260,0.45683349668979645,0.32531677186489105,0.13151673413813114,
3,260819,mixed,MIXED,CNN_RNND,1261,0.48257894068956375,0.3490285873413086,0.13355035334825516,
3,260819,mixed,MIXED,CNN_RNND,1262,0.6375028789043427,0.474775567650795,0.16272731125354767,
3,260819,mixed,MIXED,CNN_RNND,1263,0.4291735216975212,0.3049238845705986,0.12424962967634201,
3,260819,mixed,MIXED,CNN_RNND,1264,0.6349851340055466,0.4788702055811882,0.15611493587493896,
3,260819,mixed,MIXED,CNN_RNND,1265,0.6311530321836472,0.4724368453025818,0.15871619433164597,
3,260819,mixed,MIXED,CNN_RNND,1266,0.37439627572894096,0.2582163028419018,0.11617997474968433,
3,260819,mixed,MIXED,CNN_RNND,1267,0.4999006986618042,0.35313666239380836,0.14676403999328613,
3,260819,mixed,MIXED,CNN_RNND,1268,0.37085843831300735,0.25420311838388443,0.11665532365441322,
3,260819,mixed,MIXED,CNN_RNND,1269,0.5226371735334396,0.3788203001022339,0.14381685480475426,
3,260819,mixed,MIXED,CNN_RNND,1270,0.48773492872714996,0.356740090996027,0.13099482096731663,
3,260819,mixed,MIXED,CNN_RNND,1271,0.652064323425293,0.48359365016222,0.16847068816423416,
3,260819,mixed,MIXED,CNN_RNND,1272,0.5235769972205162,0.3847283124923706,0.13884868659079075,
3,260819,mixed,MIXED,CNN_RNND,1273,0.4021802507340908,0.2784658260643482,0.12371442653238773,
3,260819,mixed,MIXED,CNN_RNND,1274,0.47489501163363457,0.3450731262564659,0.12982188537716866,
3,260819,mixed,MIXED,CNN_RNND,1275,0.4354337640106678,0.3069078903645277,0.1285258699208498,
3,260819,mixed,MIXED,CNN_RNND,1276,0.4386071600019932,0.31830963119864464,0.12029753997921944,
3,260819,mixed,MIXED,CNN_RNND,1277,0.5210267081856728,0.37818463146686554,0.14284207485616207,
3,260819,mixed,MIXED,CNN_RNND,1278,0.3922485411167145,0.27579883858561516,0.11644969880580902,
3,260819,mixed,MIXED,CNN_RNND,1279,0.5760099291801453,0.4286130368709564,0.14739690348505974,
3,260819,mixed,MIXED,CNN_RNND,1280,0.4003288969397545,0.27647490426898,0.12385398149490356,
3,260819,mixed,MIXED,CNN_RNND,1281,0.5056507661938667,0.3698351979255676,0.1358155645430088,
3,260819,mixed,MIXED,CNN_RNND,1282,0.3617938309907913,0.2479390725493431,0.11385475285351276,
3,260819,mixed,MIXED,CNN_RNND,1283,0.45879510045051575,0.32933467626571655,0.12946042604744434,
3,260819,mixed,MIXED,CNN_RNND,1284,0.429141566157341,0.30443253740668297,0.12470902130007744,
3,260819,mixed,MIXED,CNN_RNND,1285,0.5425707548856735,0.40238552540540695,0.14018522761762142,
3,260819,mixed,MIXED,CNN_RNND,1286,0.40799282491207123,0.28843313455581665,0.11955969221889973,
3,260819,mixed,MIXED,CNN_RNND,1287,0.5898516625165939,0.43662850372493267,0.1532231569290161,
3,260819,mixed,MIXED,CNN_RNND,1288,0.4264766573905945,0.3059530705213547,0.12052358128130436,
3,260819,mixed,MIXED,CNN_RNND,1289,0.3736409470438957,0.25764966756105423,0.11599128134548664,
3,260819,mixed,MIXED,CNN_RNND,1290,0.5837624594569206,0.4373873323202133,0.1463751420378685,
3,260819,mixed,MIXED,CNN_RNND,1291,0.48126136511564255,0.3483666367828846,0.13289472460746765,
3,260819,mixed,MIXED,CNN_RNND,1292,0.668087363243103,0.507271371781826,0.16081597656011581,
3,260819,mixed,MIXED,CNN_RNND,1293,0.3677401468157768,0.25699057802557945,0.11074956692755222,
3,260819,mixed,MIXED,CNN_RNND,1294,0.4889955669641495,0.3483002856373787,0.14069528132677078,
3,260819,mixed,MIXED,CNN_RNND,1295,0.5339780002832413,0.3937890976667404,0.14018891751766205,
3,260819,mixed,MIXED,CNN_RNND,1296,0.4773007780313492,0.33933190628886223,0.1379688698798418,
3,260819,mixed,MIXED,CNN_RNND,1297,0.5448202714323997,0.4017687439918518,0.14305153116583824,
3,260819,mixed,MIXED,CNN_RNND,1298,0.5114829391241074,0.3760730028152466,0.13540993258357048,
3,260819,mixed,MIXED,CNN_RNND,1299,0.459946446120739,0.3316100910305977,0.12833636067807674,
3,260819,mixed,MIXED,CNN_RNND,1300,0.4356050193309784,0.3055848553776741,0.1300201527774334,
3,260819,mixed,MIXED,CNN_RNND,1301,0.51366176456213,0.3718263618648052,0.14183541014790535,
3,260819,mixed,MIXED,CNN_RNND,1302,0.3283727318048477,0.21881988644599915,0.10955284535884857,
3,260819,mixed,MIXED,CNN_RNND,1303,0.4002161771059036,0.2866509333252907,0.11356524005532265,
3,260819,mixed,MIXED,CNN_RNND,1304,0.4456966444849968,0.320572130382061,0.1251245103776455,
3,260819,mixed,MIXED,CNN_RNND,1305,0.4220583662390709,0.2972641736268997,0.12479419447481632,
3,260819,mixed,MIXED,CNN_RNND,1306,0.3866065591573715,0.268497571349144,0.11810898408293724,
3,260819,mixed,MIXED,CNN_RNND,1307,0.3129073455929756,0.2070673145353794,0.1058400310575962,
3,260819,mixed,MIXED,CNN_RNND,1308,0.28348779678344727,0.1827380694448948,0.10074972733855247,
3,260819,mixed,MIXED,CNN_RNND,1309,0.4434700533747673,0.3180674612522125,0.12540258467197418,
3,260819,mixed,MIXED,CNN_RNND,1310,0.4529729038476944,0.3180001899600029,0.1349727064371109,
3,260819,mixed,MIXED,CNN_RNND,1311,0.40767157077789307,0.2874932438135147,0.12017831765115261,
3,260819,mixed,MIXED,CNN_RNND,1312,0.5086819753050804,0.369463425129652,0.139218557626009,
3,260819,mixed,MIXED,CNN_RNND,1313,0.400088831782341,0.2791743054986,0.12091452442109585,
3,260819,mixed,MIXED,CNN_RNND,1314,0.43824196606874466,0.3142579160630703,0.12398405931890011,
3,260819,mixed,MIXED,CNN_RNND,1315,0.4118362367153168,0.29175858944654465,0.12007765099406242,
3,260819,mixed,MIXED,CNN_RNND,1316,0.4267238862812519,0.29663828015327454,0.13008560054004192,
3,260819,mixed,MIXED,CNN_RNND,1317,0.5018612444400787,0.3633658019825816,0.13849544525146484,
3,260819,mixed,MIXED,CNN_RNND,1318,0.5211684629321098,0.3862481340765953,0.13492032513022423,
3,260819,mixed,MIXED,CNN_RNND,1319,0.47622743993997574,0.3430308438837528,0.13319659419357777,
3,260819,mixed,MIXED,CNN_RNND,1320,0.4700709730386734,0.34081264212727547,0.12925832718610764,
3,260819,mixed,MIXED,CNN_RNND,1321,0.42897091805934906,0.30701247602701187,0.12195843644440174,
3,260819,mixed,MIXED,CNN_RNND,1322,0.40696707367897034,0.28557322174310684,0.12139384634792805,
3,260819,mixed,MIXED,CNN_RNND,1323,0.5313675776124,0.3925144746899605,0.13885309919714928,
3,260819,mixed,MIXED,CNN_RNND,1324,0.44641953706741333,0.31820472329854965,0.12821480631828308,
3,260819,mixed,MIXED,CNN_RNND,1325,0.5557970255613327,0.4150601029396057,0.14073691330850124,
3,260819,mixed,MIXED,CNN_RNND,1326,0.45180753618478775,0.32855355367064476,0.1232539750635624,
3,260819,mixed,MIXED,CNN_RNND,1327,0.6170999109745026,0.464456208050251,0.15264368802309036,
3,260819,mixed,MIXED,CNN_RNND,1328,0.6154771819710732,0.45988112688064575,0.155596062541008,
3,260819,mixed,MIXED,CNN_RNND,1329,0.3798602223396301,0.26092784479260445,0.11893238313496113,
3,260819,mixed,MIXED,CNN_RNND,1330,0.39274462684988976,0.2773796543478966,0.11536496691405773,
3,260819,mixed,MIXED,CNN_RNND,1331,0.4664851054549217,0.33602840825915337,0.1304567027837038,
3,260819,mixed,MIXED,CNN_RNND,1332,0.275977548211813,0.17641132697463036,0.09956622123718262,
3,260819,mixed,MIXED,CNN_RNND,1333,0.4402232989668846,0.30834953859448433,0.13187376037240028,
3,260819,mixed,MIXED,CNN_RNND,1334,0.452591635286808,0.32618665508925915,0.12640497833490372,
3,260819,mixed,MIXED,CNN_RNND,1335,0.5289676263928413,0.3887897804379463,0.14017784409224987,
3,260819,mixed,MIXED,CNN_RNND,1336,0.45243164151906967,0.32593870908021927,0.12649294175207615,
3,260819,mixed,MIXED,CNN_RNND,1337,0.5930546522140503,0.4345923811197281,0.1584622710943222,
3,260819,mixed,MIXED,CNN_RNND,1338,0.4440787360072136,0.315541535615921,0.12853719852864742,
3,260819,mixed,MIXED,CNN_RNND,1339,0.36616477370262146,0.24971888959407806,0.11644589342176914,
3,260819,mixed,MIXED,CNN_RNND,1340,0.34680910408496857,0.232841607183218,0.11396750435233116,
3,260819,mixed,MIXED,CNN_RNND,1341,0.5319783538579941,0.39001988992094994,0.14195845648646355,
3,260819,mixed,MIXED,CNN_RNND,1342,0.3052787110209465,0.20112910866737366,0.10414959862828255,
3,260819,mixed,MIXED,CNN_RNND,1343,0.4470440596342087,0.3215455189347267,0.12549854442477226,
3,260819,mixed,MIXED,CNN_RNND,1344,0.43238045275211334,0.3057902827858925,0.12659016996622086,
3,260819,mixed,MIXED,CNN_RNND,1345,0.41299857944250107,0.29772743210196495,0.11527115106582642,
3,260819,mixed,MIXED,CNN_RNND,1346,0.5128549784421921,0.38035901449620724,0.13249595649540424,
3,260819,mixed,MIXED,CNN_RNND,1347,0.39083001017570496,0.27108440175652504,0.11974560283124447,
3,260819,mixed,MIXED,CNN_RNND,1348,0.40270596742630005,0.28004124015569687,0.12266472913324833,
3,260819,mixed,MIXED,CNN_RNND,1349,0.47056278586387634,0.33808306604623795,0.1324797123670578,
3,260819,mixed,MIXED,CNN_RNND,1350,0.5908201709389687,0.43257756903767586,0.1582426093518734,
3,260819,mixed,MIXED,CNN_RNND,1351,0.5266589447855949,0.3849167004227638,0.14174224995076656,
3,260819,mixed,MIXED,CNN_RNND,1352,0.38229377195239067,0.2691802252084017,0.11311354488134384,
3,260819,mixed,MIXED,CNN_RNND,1353,0.5581202954053879,0.4145037941634655,0.14361650310456753,
3,260819,mixed,MIXED,CNN_RNND,1354,0.4418916627764702,0.3227270618081093,0.11916459538042545,
3,260819,mixed,MIXED,CNN_RNND,1355,0.6491783633828163,0.4837416335940361,0.1654367297887802,
3,260819,mixed,MIXED,CNN_RNND,1356,0.5698409304022789,0.42215466871857643,0.14768625982105732,
3,260819,mixed,MIXED,CNN_RNND,1357,0.5172974988818169,0.377055786550045,0.1402417216449976,
3,260819,mixed,MIXED,CNN_RNND,1358,0.4458421841263771,0.3216562047600746,0.12418597750365734,
3,260819,mixed,MIXED,CNN_RNND,1359,0.4464328959584236,0.32123264856636524,0.12520025111734867,
3,260819,mixed,MIXED,CNN_RNND,1360,0.4675743505358696,0.3383956477046013,0.1291787065565586,
3,260819,mixed,MIXED,CNN_RNND,1361,0.5562408864498138,0.41092104464769363,0.1453198492527008,
3,260819,mixed,MIXED,CNN_RNND,1362,0.570430725812912,0.42027340084314346,0.15015733614563942,
3,260819,mixed,MIXED,CNN_RNND,1363,0.5154908299446106,0.3849816545844078,0.1305091716349125,
3,260819,mixed,MIXED,CNN_RNND,1364,0.38535283505916595,0.27034761011600494,0.11500522494316101,
3,260819,mixed,MIXED,CNN_RNND,1365,0.5209607630968094,0.3800479620695114,0.14091279357671738,
3,260819,mixed,MIXED,CNN_RNND,1366,0.43802421540021896,0.31272492930293083,0.12529928050935268,
3,260819,mixed,MIXED,CNN_RNND,1367,0.3523893803358078,0.24189214408397675,0.11049722880125046,
3,260819,mixed,MIXED,CNN_RNND,1368,0.42372479289770126,0.2970010358840227,0.12672374956309795,
3,260819,mixed,MIXED,CNN_RNND,1369,0.2731938846409321,0.17671429738402367,0.09647957980632782,
3,260819,mixed,MIXED,CNN_RNND,1370,0.4483141601085663,0.32572146505117416,0.12259269505739212,
3,260819,mixed,MIXED,CNN_RNND,1371,0.40488168224692345,0.2887248657643795,0.1161568146198988,
3,260819,mixed,MIXED,CNN_RNND,1372,0.5607188045978546,0.4228381812572479,0.1378806121647358,
3,260819,mixed,MIXED,CNN_RNND,1373,0.6998733878135681,0.5297633111476898,0.1701100803911686,
3,260819,mixed,MIXED,CNN_RNND,1374,0.5028805956244469,0.3693239502608776,0.13355662673711777,
3,260819,mixed,MIXED,CNN_RNND,1375,0.445925809442997,0.3297676593065262,0.1161581501364708,
3,260819,mixed,MIXED,CNN_RNND,1376,0.5097477585077286,0.37298353388905525,0.13676422089338303,
3,260819,mixed,MIXED,CNN_RNND,1377,0.3267815001308918,0.22101210802793503,0.10576939210295677,
3,260819,mixed,MIXED,CNN_RNND,1378,0.41421443969011307,0.2969902493059635,0.11722419038414955,
3,260819,mixed,MIXED,CNN_RNND,1379,0.42488793283700943,0.2957351543009281,0.12915278039872646,
3,260819,mixed,MIXED,CNN_RNND,1380,0.45344386249780655,0.32740646600723267,0.12603739276528358,
3,260819,mixed,MIXED,CNN_RNND,1381,0.5251282230019569,0.38940922170877457,0.13571900315582752,
3,260819,mixed,MIXED,CNN_RNND,1382,0.4660583361983299,0.3373100720345974,0.12874826416373253,
3,260819,mixed,MIXED,CNN_RNND,1383,0.5008420422673225,0.3672908656299114,0.13355118036270142,
3,260819,mixed,MIXED,CNN_RNND,1384,0.36679762229323387,0.25670111179351807,0.1100965104997158,
3,260819,mixed,MIXED,CNN_RNND,1385,0.3985534571111202,0.2856653928756714,0.11288806051015854,
3,260819,mixed,MIXED,CNN_RNND,1386,0.41028494387865067,0.2903360053896904,0.11994892731308937,
3,260819,mixed,MIXED,CNN_RNND,1387,0.47284048795700073,0.3408830128610134,0.13195746019482613,
3,260819,mixed,MIXED,CNN_RNND,1388,0.38427723199129105,0.2744451053440571,0.10983212664723396,
3,260819,mixed,MIXED,CNN_RNND,1389,0.35757845640182495,0.2546415291726589,0.10293692536652088,
3,260819,mixed,MIXED,CNN_RNND,1390,0.37131690606474876,0.2594693172723055,0.11184758879244328,
3,260819,mixed,MIXED,CNN_RNND,1391,0.3531995415687561,0.23736682906746864,0.11583270132541656,
3,260819,mixed,MIXED,CNN_RNND,1392,0.3948315605521202,0.2842116616666317,0.11061989888548851,
3,260819,mixed,MIXED,CNN_RNND,1393,0.3495197147130966,0.23770530708134174,0.11181441508233547,
3,260819,mixed,MIXED,CNN_RNND,1394,0.4050513431429863,0.29119032248854637,0.11386101506650448,
3,260819,mixed,MIXED,CNN_RNND,1395,0.4550545737147331,0.3319447562098503,0.12310980819165707,
3,260819,mixed,MIXED,CNN_RNND,1396,0.3913488984107971,0.28089010901749134,0.11045878194272518,
3,260819,mixed,MIXED,CNN_RNND,1397,0.2976639159023762,0.19873680546879768,0.09892710857093334,
3,260819,mixed,MIXED,CNN_RNND,1398,0.5239466354250908,0.3861008398234844,0.1378458086401224,
3,260819,mixed,MIXED,CNN_RNND,1399,0.5701639354228973,0.4229530468583107,0.1472108941525221,
3,260819,mixed,MIXED,CNN_RNND,1400,0.4590633809566498,0.3303261585533619,0.1287372224032879,-0.704291122380467
3,260819,mixed,MIXED,CNN_RNND,1401,0.4193395748734474,0.30129507929086685,0.11804449558258057,
3,260819,mixed,MIXED,CNN_RNND,1402,0.3423076495528221,0.24069072306156158,0.10161692649126053,
3,260819,mixed,MIXED,CNN_RNND,1403,0.37596672773361206,0.26934801414608955,0.1066187135875225,
3,260819,mixed,MIXED,CNN_RNND,1404,0.4738239571452141,0.3427183162420988,0.13110563531517982,
3,260819,mixed,MIXED,CNN_RNND,1405,0.5301856845617294,0.39401643723249435,0.13616923615336418,
3,260819,mixed,MIXED,CNN_RNND,1406,0.3611309453845024,0.2546885721385479,0.10644236579537392,
3,260819,mixed,MIXED,CNN_RNND,1407,0.3563632294535637,0.2479044534265995,0.10845877230167389,
3,260819,mixed,MIXED,CNN_RNND,1408,0.5850342959165573,0.43900103867053986,0.14603324234485626,
3,260819,mixed,MIXED,CNN_RNND,1409,0.3694624826312065,0.2631482444703579,0.10631423443555832,
3,260819,mixed,MIXED,CNN_RNND,1410,0.3458109311759472,0.24044056981801987,0.10537036508321762,
3,260819,mixed,MIXED,CNN_RNND,1411,0.5270735397934914,0.38237936049699783,0.14469417929649353,
3,260819,mixed,MIXED,CNN_RNND,1412,0.35488196462392807,0.2429374512284994,0.11194451339542866,
3,260819,mixed,MIXED,CNN_RNND,1413,0.5897904187440872,0.44308967888355255,0.14670073986053467,
3,260819,mixed,MIXED,CNN_RNND,1414,0.38190727680921555,0.2706159017980099,0.11129137501120567,
3,260819,mixed,MIXED,CNN_RNND,1415,0.4354654513299465,0.3112861067056656,0.12417934462428093,
3,260819,mixed,MIXED,CNN_RNND,1416,0.39284389093518257,0.27262892574071884,0.12021496705710888,
3,260819,mixed,MIXED,CNN_RNND,1417,0.3386659771203995,0.23286211863160133,0.10580385476350784,
3,260819,mixed,MIXED,CNN_RNND,1418,0.46136268973350525,0.33771448116749525,0.12364821322262287,
3,260819,mixed,MIXED,CNN_RNND,1419,0.4429863318800926,0.3199790492653847,0.12300727143883705,
3,260819,mixed,MIXED,CNN_RNND,1420,0.5268027186393738,0.3943065404891968,0.1324961744248867,
3,260819,mixed,MIXED,CNN_RNND,1421,0.5949152559041977,0.44642534106969833,0.14848990365862846,
3,260819,mixed,MIXED,CNN_RNND,1422,0.4101487211883068,0.2975115515291691,0.11263716034591198,
3,260819,mixed,MIXED,CNN_RNND,1423,0.5495102852582932,0.40410280227661133,0.14540746808052063,
3,260819,mixed,MIXED,CNN_RNND,1424,0.41029785573482513,0.2986594960093498,0.11163836158812046,
3,260819,mixed,MIXED,CNN_RNND,1425,0.5918481200933456,0.4400419220328331,0.15180621668696404,
3,260819,mixed,MIXED,CNN_RNND,1426,0.4680793173611164,0.33700956776738167,0.13106974214315414,
3,260819,mixed,MIXED,CNN_RNND,1427,0.5202952846884727,0.3834090009331703,0.13688628003001213,
3,260819,mixed,MIXED,CNN_RNND,1428,0.47987768054008484,0.349255695939064,0.1306219957768917,
3,260819,mixed,MIXED,CNN_RNND,1429,0.30453962832689285,0.21059801429510117,0.09394161775708199,
3,260819,mixed,MIXED,CNN_RNND,1430,0.34556638449430466,0.24364262074232101,0.10192376747727394,
3,260819,mixed,MIXED,CNN_RNND,1431,0.38352130725979805,0.27434562519192696,0.1091756820678711,
3,260819,mixed,MIXED,CNN_RNND,1432,0.4091409742832184,0.29509118758141994,0.11404977738857269,
3,260819,mixed,MIXED,CNN_RNND,1433,0.3260168880224228,0.22803741693496704,0.09797947481274605,
3,260819,mixed,MIXED,CNN_RNND,1434,0.27623243257403374,0.190562903881073,0.08566953241825104,
3,260819,mixed,MIXED,CNN_RNND,1435,0.3739475682377815,0.26133672520518303,0.11261084862053394,
3,260819,mixed,MIXED,CNN_RNND,1436,0.3350687175989151,0.23888250067830086,0.09618622064590454,
3,260819,mixed,MIXED,CNN_RNND,1437,0.5732649564743042,0.4293433800339699,0.14392158389091492,
3,260819,mixed,MIXED,CNN_RNND,1438,0.46815668046474457,0.3426996096968651,0.12545707263052464,
3,260819,mixed,MIXED,CNN_RNND,1439,0.4691527262330055,0.3420627601444721,0.12708996422588825,
3,260819,mixed,MIXED,CNN_RNND,1440,0.4588092863559723,0.3391617387533188,0.1196475438773632,
3,260819,mixed,MIXED,CNN_RNND,1441,0.3884851410984993,0.28272615373134613,0.10575898364186287,
3,260819,mixed,MIXED,CNN_RNND,1442,0.41779544949531555,0.30044273659586906,0.11735271103680134,
3,260819,mixed,MIXED,CNN_RNND,1443,0.5280822739005089,0.39038556069135666,0.13769671693444252,
3,260819,mixed,MIXED,CNN_RNND,1444,0.5287646278738976,0.39466939494013786,0.13409524783492088,
3,260819,mixed,MIXED,CNN_RNND,1445,0.5248418301343918,0.38590405881404877,0.13893775455653667,
3,260819,mixed,MIXED,CNN_RNND,1446,0.49657943844795227,0.36507220938801765,0.13150722347199917,
3,260819,mixed,MIXED,CNN_RNND,1447,0.5349176600575447,0.3958502933382988,0.13906735740602016,
3,260819,mixed,MIXED,CNN_RNND,1448,0.5176064893603325,0.38271602988243103,0.1348904501646757,
3,260819,mixed,MIXED,CNN_RNND,1449,0.5657284781336784,0.42632367461919785,0.13940480537712574,
3,260819,mixed,MIXED,CNN_RNND,1450,0.44945666939020157,0.32592882215976715,0.12352783419191837,
3,260819,mixed,MIXED,CNN_RNND,1451,0.5506203174591064,0.4058574289083481,0.14476289972662926,
3,260819,mixed,MIXED,CNN_RNND,1452,0.3785591647028923,0.26913103088736534,0.10942813754081726,
3,260819,mixed,MIXED,CNN_RNND,1453,0.42019232362508774,0.30820251256227493,0.11198982037603855,
3,260819,mixed,MIXED,CNN_RNND,1454,0.46777529269456863,0.3492582365870476,0.11851704865694046,
3,260819,mixed,MIXED,CNN_RNND,1455,0.39809348434209824,0.28541989251971245,0.11267359927296638,
3,260819,mixed,MIXED,CNN_RNND,1456,0.4415450841188431,0.3205116353929043,0.1210334561765194,
3,260819,mixed,MIXED,CNN_RNND,1457,0.35984284058213234,0.2531125359237194,0.10673030093312263,
3,260819,mixed,MIXED,CNN_RNND,1458,0.24665948003530502,0.16410235315561295,0.08255712315440178,
3,260819,mixed,MIXED,CNN_RNND,1459,0.5727675557136536,0.42806220054626465,0.14470533654093742,
3,260819,mixed,MIXED,CNN_RNND,1460,0.5403562039136887,0.4038042277097702,0.13655197620391846,
3,260819,mixed,MIXED,CNN_RNND,1461,0.5821188911795616,0.4282541610300541,0.15386474132537842,
3,260819,mixed,MIXED,CNN_RNND,1462,0.5941820591688156,0.4418223723769188,0.15235967375338078,
3,260819,mixed,MIXED,CNN_RNND,1463,0.5595091469585896,0.4192566014826298,0.14025255665183067,
3,260819,mixed,MIXED,CNN_RNND,1464,0.38844435662031174,0.2787051759660244,0.10973918251693249,
3,260819,mixed,MIXED,CNN_RNND,1465,0.41179224103689194,0.29759761691093445,0.11419463716447353,
3,260819,mixed,MIXED,CNN_RNND,1466,0.473358653485775,0.3530339449644089,0.12032470852136612,
3,260819,mixed,MIXED,CNN_RNND,1467,0.4697432667016983,0.34819791838526726,0.12154535204172134,
3,260819,mixed,MIXED,CNN_RNND,1468,0.6019864305853844,0.44928329437971115,0.15270313993096352,
3,260819,mixed,MIXED,CNN_RNND,1469,0.40757185220718384,0.2899695076048374,0.11760235484689474,
3,260819,mixed,MIXED,CNN_RNND,1470,0.3568675145506859,0.2565026693046093,0.10036485455930233,
3,260819,mixed,MIXED,CNN_RNND,1471,0.5060227811336517,0.374900471419096,0.13112231716513634,
3,260819,mixed,MIXED,CNN_RNND,1472,0.3401094004511833,0.2405979260802269,0.09951147623360157,
3,260819,mixed,MIXED,CNN_RNND,1473,0.4783368781208992,0.35596221312880516,0.12237466312944889,
3,260819,mixed,MIXED,CNN_RNND,1474,0.33197440952062607,0.23425468802452087,0.09771972522139549,
3,260819,mixed,MIXED,CNN_RNND,1475,0.5326591059565544,0.3935532867908478,0.13910581544041634,
3,260819,mixed,MIXED,CNN_RNND,1476,0.4512556605041027,0.328807620331645,0.12244803737848997,
3,260819,mixed,MIXED,CNN_RNND,1477,0.6946846544742584,0.5259755551815033,0.16870909556746483,
3,260819,mixed,MIXED,CNN_RNND,1478,0.38900380581617355,0.28152765333652496,0.10747614875435829,
3,260819,mixed,MIXED,CNN_RNND,1479,0.35446135699748993,0.25096289068460464,0.10349847190082073,
3,260819,mixed,MIXED,CNN_RNND,1480,0.6034288629889488,0.4613509625196457,0.14207788929343224,
3,260819,mixed,MIXED,CNN_RNND,1481,0.4536753445863724,0.332013338804245,0.12166201695799828,
3,260819,mixed,MIXED,CNN_RNND,1482,0.5579529404640198,0.41650546342134476,0.14144746586680412,
3,260819,mixed,MIXED,CNN_RNND,1483,0.4178425781428814,0.3078772574663162,0.10996531136333942,
3,260819,mixed,MIXED,CNN_RNND,1484,0.471320278942585,0.3512261360883713,0.12009413540363312,
3,260819,mixed,MIXED,CNN_RNND,1485,0.5481215268373489,0.4151637405157089,0.13295778818428516,
3,260819,mixed,MIXED,CNN_RNND,1486,0.4158836752176285,0.3016407899558544,0.11424288153648376,
3,260819,mixed,MIXED,CNN_RNND,1487,0.5210871994495392,0.3914525434374809,0.12963464856147766,
3,260819,mixed,MIXED,CNN_RNND,1488,0.34811538457870483,0.25186529010534286,0.09625009167939425,
3,260819,mixed,MIXED,CNN_RNND,1489,0.45225436985492706,0.33389241248369217,0.11836195550858974,
3,260819,mixed,MIXED,CNN_RNND,1490,0.4323791600763798,0.31798916682600975,0.11438997834920883,
3,260819,mixed,MIXED,CNN_RNND,1491,0.44949452579021454,0.3249305374920368,0.12456397898495197,
3,260819,mixed,MIXED,CNN_RNND,1492,0.5033894553780556,0.37537846714258194,0.12801099754869938,
3,260819,mixed,MIXED,CNN_RNND,1493,0.47753045707941055,0.3580968752503395,0.1194335762411356,
3,260819,mixed,MIXED,CNN_RNND,1494,0.4349423423409462,0.3170468881726265,0.11789544485509396,
3,260819,mixed,MIXED,CNN_RNND,1495,0.4585818350315094,0.3328317366540432,0.1257500909268856,
3,260819,mixed,MIXED,CNN_RNND,1496,0.37921757996082306,0.27586061134934425,0.10335696302354336,
3,260819,mixed,MIXED,CNN_RNND,1497,0.41558803617954254,0.3057718388736248,0.10981619171798229,
3,260819,mixed,MIXED,CNN_RNND,1498,0.5915926843881607,0.44103097170591354,0.15056171268224716,
3,260819,mixed,MIXED,CNN_RNND,1499,0.2264909166842699,0.14973039738833904,0.07676052022725344,
3,260819,mixed,MIXED,CNN_RNND,1500,0.5341558903455734,0.39972469955682755,0.13443117961287498,
3,260819,mixed,MIXED,CNN_RNND,1501,0.31279540061950684,0.2194358929991722,0.09335950762033463,
3,260819,mixed,MIXED,CNN_RNND,1502,0.4753129780292511,0.3509657420217991,0.12434722855687141,
3,260819,mixed,MIXED,CNN_RNND,1503,0.4597581475973129,0.341762762516737,0.11799539625644684,
3,260819,mixed,MIXED,CNN_RNND,1504,0.4942115843296051,0.372138649225235,0.12207293137907982,
3,260819,mixed,MIXED,CNN_RNND,1505,0.49875742942094803,0.3726186081767082,0.1261388286948204,
3,260819,mixed,MIXED,CNN_RNND,1506,0.3170030228793621,0.22668002732098103,0.09032300487160683,
3,260819,mixed,MIXED,CNN_RNND,1507,0.5211934298276901,0.39293456822633743,0.1282588616013527,
3,260819,mixed,MIXED,CNN_RNND,1508,0.4346470460295677,0.31979749351739883,0.11484955251216888,
3,260819,mixed,MIXED,CNN_RNND,1509,0.4585290551185608,0.3420473448932171,0.11648171581327915,
3,260819,mixed,MIXED,CNN_RNND,1510,0.47124458849430084,0.3522048518061638,0.1190397311002016,
3,260819,mixed,MIXED,CNN_RNND,1511,0.2987835817039013,0.2082204334437847,0.09056314826011658,
3,260819,mixed,MIXED,CNN_RNND,1512,0.5084740333259106,0.3805673383176327,0.1279066912829876,
3,260819,mixed,MIXED,CNN_RNND,1513,0.4573507010936737,0.34159583412110806,0.11575487069785595,
3,260819,mixed,MIXED,CNN_RNND,1514,0.6729676425457001,0.5088163018226624,0.16415132954716682,
3,260819,mixed,MIXED,CNN_RNND,1515,0.4421917796134949,0.3310197778046131,0.11117198690772057,
3,260819,mixed,MIXED,CNN_RNND,1516,0.4845007658004761,0.3678234666585922,0.11667729169130325,
3,260819,mixed,MIXED,CNN_RNND,1517,0.5435305386781693,0.40918873250484467,0.13434180058538914,
3,260819,mixed,MIXED,CNN_RNND,1518,0.37846244871616364,0.2742207944393158,0.10424165241420269,
3,260819,mixed,MIXED,CNN_RNND,1519,0.5153979361057281,0.3878326416015625,0.12756528332829475,
3,260819,mixed,MIXED,CNN_RNND,1520,0.29119784384965897,0.20367738045752048,0.08752046525478363,
3,260819,mixed,MIXED,CNN_RNND,1521,0.5346493124961853,0.3955957479774952,0.139053575694561,
3,260819,mixed,MIXED,CNN_RNND,1522,0.582784503698349,0.43998560309410095,0.14279888942837715,
3,260819,mixed,MIXED,CNN_RNND,1523,0.3730829507112503,0.27322138100862503,0.09986156970262527,
3,260819,mixed,MIXED,CNN_RNND,1524,0.5534314960241318,0.4214591756463051,0.131972324103117,
3,260819,mixed,MIXED,CNN_RNND,1525,0.36948342621326447,0.26595686934888363,0.10352656617760658,
3,260819,mixed,MIXED,CNN_RNND,1526,0.536086805164814,0.4019310399889946,0.1341557651758194,
3,260819,mixed,MIXED,CNN_RNND,1527,0.4597945287823677,0.3376162201166153,0.12217830866575241,
3,260819,mixed,MIXED,CNN_RNND,1528,0.31809819117188454,0.2234891839325428,0.09460901468992233,
3,260819,mixed,MIXED,CNN_RNND,1529,0.3839566260576248,0.27604224532842636,0.1079143825918436,
3,260819,mixed,MIXED,CNN_RNND,1530,0.4399276338517666,0.3287007734179497,0.11122686415910721,
3,260819,mixed,MIXED,CNN_RNND,1531,0.47602755576372147,0.34967437386512756,0.1263531744480133,
3,260819,mixed,MIXED,CNN_RNND,1532,0.49223221838474274,0.3627192974090576,0.12951291538774967,
3,260819,mixed,MIXED,CNN_RNND,1533,0.41805315017700195,0.3106917403638363,0.10736141726374626,
3,260819,mixed,MIXED,CNN_RNND,1534,0.3522318825125694,0.25939212180674076,0.09283977188169956,
3,260819,mixed,MIXED,CNN_RNND,1535,0.49747588485479355,0.36960726976394653,0.12786861322820187,
3,260819,mixed,MIXED,CNN_RNND,1536,0.40501027181744576,0.2940109483897686,0.110999321565032,
3,260819,mixed,MIXED,CNN_RNND,1537,0.5688316076993942,0.43187347054481506,0.13695814087986946,
3,260819,mixed,MIXED,CNN_RNND,1538,0.5248266346752644,0.3942093849182129,0.1306172451004386,
3,260819,mixed,MIXED,CNN_RNND,1539,0.5767279490828514,0.43556003272533417,0.1411679219454527,
3,260819,mixed,MIXED,CNN_RNND,1540,0.48233872652053833,0.36128785088658333,0.121050875633955,
3,260819,mixed,MIXED,CNN_RNND,1541,0.4631860852241516,0.34530235081911087,0.117883725091815,
3,260819,mixed,MIXED,CNN_RNND,1542,0.30273424834012985,0.21700269542634487,0.08573155011981726,
3,260819,mixed,MIXED,CNN_RNND,1543,0.45857594162225723,0.3333861045539379,0.12518984451889992,
3,260819,mixed,MIXED,CNN_RNND,1544,0.5044610165059566,0.3735034763813019,0.13095753081142902,
3,260819,mixed,MIXED,CNN_RNND,1545,0.317510224878788,0.22297703847289085,0.09453319385647774,
3,260819,mixed,MIXED,CNN_RNND,1546,0.4080298990011215,0.29335002042353153,0.11467987950891256,
3,260819,mixed,MIXED,CNN_RNND,1547,0.5694707408547401,0.4242363180965185,0.14523442834615707,
3,260819,mixed,MIXED,CNN_RNND,1548,0.44853077828884125,0.33456727117300034,0.11396350152790546,
3,260819,mixed,MIXED,CNN_RNND,1549,0.506068978458643,0.3855936974287033,0.12047528475522995,
3,260819,mixed,MIXED,CNN_RNND,1550,0.38560375571250916,0.28209308721125126,0.1035106685012579,
3,260819,mixed,MIXED,CNN_RNND,1551,0.41217972338199615,0.3075907677412033,0.10458896029740572,
3,260819,mixed,MIXED,CNN_RNND,1552,0.4911452978849411,0.3678756132721901,0.12326968275010586,
3,260819,mixed,MIXED,CNN_RNND,1553,0.48073752224445343,0.36141015216708183,0.11932736076414585,
3,260819,mixed,MIXED,CNN_RNND,1554,0.4504787027835846,0.3372497856616974,0.11322891525924206,
3,260819,mixed,MIXED,CNN_RNND,1555,0.5392235964536667,0.4129283130168915,0.1262952908873558,
3,260819,mixed,MIXED,CNN_RNND,1556,0.3324630782008171,0.2406933195888996,0.09176975674927235,
3,260819,mixed,MIXED,CNN_RNND,1557,0.39797376841306686,0.2950435169041157,0.10293024964630604,
3,260819,mixed,MIXED,CNN_RNND,1558,0.5480464771389961,0.41533658653497696,0.13270990177989006,
3,260819,mixed,MIXED,CNN_RNND,1559,0.37984123826026917,0.27684327587485313,0.10299797169864178,
3,260819,mixed,MIXED,CNN_RNND,1560,0.32295670360326767,0.23219457268714905,0.09076213836669922,
3,260819,mixed,MIXED,CNN_RNND,1561,0.4275895245373249,0.3134967852383852,0.11409274209290743,
3,260819,mixed,MIXED,CNN_RNND,1562,0.42429953441023827,0.31557005271315575,0.10872947610914707,
3,260819,mixed,MIXED,CNN_RNND,1563,0.4564594402909279,0.342195313423872,0.11426412500441074,
3,260819,mixed,MIXED,CNN_RNND,1564,0.455771004781127,0.340417955070734,0.11535304971039295,
3,260819,mixed,MIXED,CNN_RNND,1565,0.4578014761209488,0.336295947432518,0.12150554172694683,
3,260819,mixed,MIXED,CNN_RNND,1566,0.43179842829704285,0.32446707785129547,0.10733135789632797,
3,260819,mixed,MIXED,CNN_RNND,1567,0.6425648778676987,0.48750223964452744,0.15506264939904213,
3,260819,mixed,MIXED,CNN_RNND,1568,0.4715445563197136,0.3493599593639374,0.12218459136784077,
3,260819,mixed,MIXED,CNN_RNND,1569,0.4787309691309929,0.35991718620061874,0.1188137847930193,
3,260819,mixed,MIXED,CNN_RNND,1570,0.6951721534132957,0.5213769525289536,0.1737952046096325,
3,260819,mixed,MIXED,CNN_RNND,1571,0.3371380716562271,0.24750089272856712,0.08963717333972454,
3,260819,mixed,MIXED,CNN_RNND,1572,0.41629842296242714,0.31384631246328354,0.1024521067738533,
3,260819,mixed,MIXED,CNN_RNND,1573,0.44281064718961716,0.33015941083431244,0.11265123449265957,
3,260819,mixed,MIXED,CNN_RNND,1574,0.5567807704210281,0.4235031381249428,0.13327762484550476,
3,260819,mixed,MIXED,CNN_RNND,1575,0.3565269634127617,0.2626486197113991,0.09387833811342716,
3,260819,mixed,MIXED,CNN_RNND,1576,0.45562049001455307,0.33639778941869736,0.11922269500792027,
3,260819,mixed,MIXED,CNN_RNND,1577,0.4010896012187004,0.2988199517130852,0.10226965323090553,
3,260819,mixed,MIXED,CNN_RNND,1578,0.4320562481880188,0.3221634067595005,0.1098928451538086,
3,260819,mixed,MIXED,CNN_RNND,1579,0.4206414669752121,0.31614023447036743,0.10450122505426407,
3,260819,mixed,MIXED,CNN_RNND,1580,0.5422531440854073,0.40787480026483536,0.1343783438205719,
3,260819,mixed,MIXED,CNN_RNND,1581,0.34768636524677277,0.25858526676893234,0.08910109102725983,
3,260819,mixed,MIXED,CNN_RNND,1582,0.5112642869353294,0.38933587819337845,0.12192840129137039,
3,260819,mixed,MIXED,CNN_RNND,1583,0.4070791266858578,0.3024550676345825,0.1046240609139204,
3,260819,mixed,MIXED,CNN_RNND,1584,0.5150913149118423,0.39093994349241257,0.12415137887001038,
3,260819,mixed,MIXED,CNN_RNND,1585,0.3052249662578106,0.22184576466679573,0.08337920904159546,
3,260819,mixed,MIXED,CNN_RNND,1586,0.3660821430385113,0.27219175919890404,0.09389038942754269,
3,260819,mixed,MIXED,CNN_RNND,1587,0.49069393053650856,0.3615482598543167,0.12914567813277245,
3,260819,mixed,MIXED,CNN_RNND,1588,0.4832344576716423,0.361885741353035,0.12134870328009129,
3,260819,mixed,MIXED,CNN_RNND,1589,0.45566849783062935,0.33942587301135063,0.11624262109398842,
3,260819,mixed,MIXED,CNN_RNND,1590,0.3265073709189892,0.23806082457304,0.08844654448330402,
3,260819,mixed,MIXED,CNN_RNND,1591,0.40512043982744217,0.30087217688560486,0.10424826852977276,
3,260819,mixed,MIXED,CNN_RNND,1592,0.41567423939704895,0.30853430181741714,0.10713995061814785,
3,260819,mixed,MIXED,CNN_RNND,1593,0.5407075881958008,0.40419021248817444,0.13651737198233604,
3,260819,mixed,MIXED,CNN_RNND,1594,0.46297605335712433,0.35012533515691757,0.11285071820020676,
3,260819,mixed,MIXED,CNN_RNND,1595,0.2206185907125473,0.15378662571310997,0.06683196499943733,
3,260819,mixed,MIXED,CNN_RNND,1596,0.44623997807502747,0.3340308591723442,0.11220911890268326,
3,260819,mixed,MIXED,CNN_RNND,1597,0.3371632043272257,0.24573280662298203,0.09143040329217911,
3,260819,mixed,MIXED,CNN_RNND,1598,0.5223186388611794,0.39563241600990295,0.1266862191259861,
3,260819,mixed,MIXED,CNN_RNND,1599,0.5300333276391029,0.39724111184477806,0.13279220275580883,
3,260819,mixed,MIXED,CNN_RNND,1600,0.5623213052749634,0.420177698135376,0.14214361645281315,-0.7688457185161492
3,260819,mixed,MIXED,CNN_RNND,1601,0.33153001219034195,0.2459270879626274,0.08560292422771454,
3,260819,mixed,MIXED,CNN_RNND,1602,0.49281734228134155,0.37046872079372406,0.12234863266348839,
3,260819,mixed,MIXED,CNN_RNND,1603,0.371114082634449,0.27753816545009613,0.09357592277228832,
3,260819,mixed,MIXED,CNN_RNND,1604,0.525526374578476,0.39715494215488434,0.12837143428623676,
3,260819,mixed,MIXED,CNN_RNND,1605,0.5063276216387749,0.38961701840162277,0.11671059764921665,
3,260819,mixed,MIXED,CNN_RNND,1606,0.5344240516424179,0.40699201077222824,0.12743202969431877,
3,260819,mixed,MIXED,CNN_RNND,1607,0.37793823331594467,0.28311698138713837,0.09482125006616116,
3,260819,mixed,MIXED,CNN_RNND,1608,0.42911969870328903,0.31949736177921295,0.10962234437465668,
3,260819,mixed,MIXED,CNN_RNND,1609,0.2325425148010254,0.16400032676756382,0.068542187102139,
3,260819,mixed,MIXED,CNN_RNND,1610,0.287491537630558,0.21322126686573029,0.07427026703953743,
3,260819,mixed,MIXED,CNN_RNND,1611,0.47312094271183014,0.3565391078591347,0.11658182740211487,
3,260819,mixed,MIXED,CNN_RNND,1612,0.4824570566415787,0.36525921151041985,0.11719783768057823,
3,260819,mixed,MIXED,CNN_RNND,1613,0.3891714960336685,0.29178304225206375,0.09738846309483051,
3,260819,mixed,MIXED,CNN_RNND,1614,0.44001106172800064,0.33079953119158745,0.10921153612434864,
3,260819,mixed,MIXED,CNN_RNND,1615,0.5922834426164627,0.4503694325685501,0.14191399700939655,
3,260819,mixed,MIXED,CNN_RNND,1616,0.490116685628891,0.36850984394550323,0.12160682491958141,
3,260819,mixed,MIXED,CNN_RNND,1617,0.5479911714792252,0.4129171222448349,0.13507404178380966,
3,260819,mixed,MIXED,CNN_RNND,1618,0.47204722464084625,0.3561086729168892,0.11593854613602161,
3,260819,mixed,MIXED,CNN_RNND,1619,0.3650432974100113,0.27382689341902733,0.09121640771627426,
3,260819,mixed,MIXED,CNN_RNND,1620,0.5855804979801178,0.44839031249284744,0.13719020038843155,
3,260819,mixed,MIXED,CNN_RNND,1621,0.55306226760149,0.4184936583042145,0.1345686037093401,
3,260819,mixed,MIXED,CNN_RNND,1622,0.5363109260797501,0.4013940468430519,0.13491687551140785,
3,260819,mixed,MIXED,CNN_RNND,1623,0.49626196920871735,0.3757655397057533,0.12049644254148006,
3,260819,mixed,MIXED,CNN_RNND,1624,0.40277034044265747,0.2999369613826275,0.10283337347209454,
3,260819,mixed,MIXED,CNN_RNND,1625,0.5355929732322693,0.41128989309072495,0.12430308200418949,
3,260819,mixed,MIXED,CNN_RNND,1626,0.3957975283265114,0.2911277674138546,0.10466975346207619,
3,260819,mixed,MIXED,CNN_RNND,1627,0.4451984614133835,0.3356979079544544,0.10950054600834846,
3,260819,mixed,MIXED,CNN_RNND,1628,0.33286819979548454,0.24492613226175308,0.08794207032769918,
3,260819,mixed,MIXED,CNN_RNND,1629,0.4522427022457123,0.3338492698967457,0.11839343048632145,
3,260819,mixed,MIXED,CNN_RNND,1630,0.3820871412754059,0.2837399821728468,0.09834715910255909,
3,260819,mixed,MIXED,CNN_RNND,1631,0.41223548352718353,0.30757127329707146,0.10466419905424118,
3,260819,mixed,MIXED,CNN_RNND,1632,0.4002770222723484,0.3004468735307455,0.09983014594763517,
3,260819,mixed,MIXED,CNN_RNND,1633,0.44311530888080597,0.335270494222641,0.10784481838345528,
3,260819,mixed,MIXED,CNN_RNND,1634,0.3983839601278305,0.2973524108529091,0.10103153996169567,
3,260819,mixed,MIXED,CNN_RNND,1635,0.4779825583100319,0.3646448217332363,0.11333773843944073,
3,260819,mixed,MIXED,CNN_RNND,1636,0.3038143366575241,0.2216584011912346,0.08215593360364437,
3,260819,mixed,MIXED,CNN_RNND,1637,0.3239276334643364,0.24487093091011047,0.07905669510364532,
3,260819,mixed,MIXED,CNN_RNND,1638,0.3904625177383423,0.2886444181203842,0.10181809030473232,
3,260819,mixed,MIXED,CNN_RNND,1639,0.513794332742691,0.38677648827433586,0.12701784074306488,
3,260819,mixed,MIXED,CNN_RNND,1640,0.4076698124408722,0.30443282425403595,0.10323699750006199,
3,260819,mixed,MIXED,CNN_RNND,1641,0.4109473042190075,0.3068656101822853,0.10408169776201248,
3,260819,mixed,MIXED,CNN_RNND,1642,0.2936370447278023,0.21642176806926727,0.07721528224647045,
3,260819,mixed,MIXED,CNN_RNND,1643,0.45389778167009354,0.34553031623363495,0.10836746729910374,
3,260819,mixed,MIXED,CNN_RNND,1644,0.44815171882510185,0.3357641249895096,0.11238760221749544,
3,260819,mixed,MIXED,CNN_RNND,1645,0.42107023671269417,0.3138459548354149,0.10722429305315018,
3,260819,mixed,MIXED,CNN_RNND,1646,0.3389482107013464,0.2530126217752695,0.08593558333814144,
3,260819,mixed,MIXED,CNN_RNND,1647,0.4882748872041702,0.36843615397810936,0.11983873508870602,
3,260819,mixed,MIXED,CNN_RNND,1648,0.34610606729984283,0.25700344517827034,0.08910262491554022,
3,260819,mixed,MIXED,CNN_RNND,1649,0.3736792877316475,0.27909798454493284,0.0945813050493598,
3,260819,mixed,MIXED,CNN_RNND,1650,0.5675986856222153,0.43164630979299545,0.13595236837863922,
3,260819,mixed,MIXED,CNN_RNND,1651,0.4738944545388222,0.35831382870674133,0.11558062583208084,
3,260819,mixed,MIXED,CNN_RNND,1652,0.538401409983635,0.40189678966999054,0.1365046203136444,
3,260819,mixed,MIXED,CNN_RNND,1653,0.4397627841681242,0.326427960768342,0.11333482898771763,
3,260819,mixed,MIXED,CNN_RNND,1654,0.611748993396759,0.4581873118877411,0.15356166660785675,
3,260819,mixed,MIXED,CNN_RNND,1655,0.3016325645148754,0.2184506356716156,0.08318193443119526,
3,260819,mixed,MIXED,CNN_RNND,1656,0.3750159852206707,0.2860931232571602,0.08892285265028477,
3,260819,mixed,MIXED,CNN_RNND,1657,0.5158850699663162,0.386149350553751,0.12973571009933949,
3,260819,mixed,MIXED,CNN_RNND,1658,0.5226073786616325,0.40045978873968124,0.1221475899219513,
3,260819,mixed,MIXED,CNN_RNND,1659,0.49123115837574005,0.3663176391273737,0.12491350807249546,
3,260819,mixed,MIXED,CNN_RNND,1660,0.46841835230588913,0.352810263633728,0.1156080774962902,
3,260819,mixed,MIXED,CNN_RNND,1661,0.5661199204623699,0.4332401528954506,0.1328797759488225,
3,260819,mixed,MIXED,CNN_RNND,1662,0.280024740844965,0.20497126504778862,0.07505348324775696,
3,260819,mixed,MIXED,CNN_RNND,1663,0.46563249453902245,0.34860968589782715,0.117022804915905,
3,260819,mixed,MIXED,CNN_RNND,1664,0.3772242069244385,0.2771993950009346,0.10002480912953615,
3,260819,mixed,MIXED,CNN_RNND,1665,0.5231145322322845,0.3945917896926403,0.12852275744080544,
3,260819,mixed,MIXED,CNN_RNND,1666,0.6328311190009117,0.4827720671892166,0.15005904622375965,
3,260819,mixed,MIXED,CNN_RNND,1667,0.47146275639533997,0.3517450913786888,0.119717663154006,
3,260819,mixed,MIXED,CNN_RNND,1668,0.41918300837278366,0.31020068004727364,0.10898232646286488,
3,260819,mixed,MIXED,CNN_RNND,1669,0.4138941690325737,0.31586258858442307,0.09803158044815063,
3,260819,mixed,MIXED,CNN_RNND,1670,0.3225391339510679,0.23830191045999527,0.08423723001033068,
3,260819,mixed,MIXED,CNN_RNND,1671,0.39355066418647766,0.29917149990797043,0.09437917545437813,
3,260819,mixed,MIXED,CNN_RNND,1672,0.4875118061900139,0.3700404390692711,0.11747136525809765,
3,260819,mixed,MIXED,CNN_RNND,1673,0.4505358338356018,0.3421769514679909,0.10835888050496578,
3,260819,mixed,MIXED,CNN_RNND,1674,0.46847105026245117,0.35594040900468826,0.11253064125776291,
3,260819,mixed,MIXED,CNN_RNND,1675,0.3953684940934181,0.29819775372743607,0.0971707422286272,
3,260819,mixed,MIXED,CNN_RNND,1676,0.4330718591809273,0.3269875533878803,0.10608431231230497,
3,260819,mixed,MIXED,CNN_RNND,1677,0.3875584676861763,0.2965688668191433,0.0909896083176136,
3,260819,mixed,MIXED,CNN_RNND,1678,0.4883838817477226,0.37620365619659424,0.11218022741377354,
3,260819,mixed,MIXED,CNN_RNND,1679,0.2813452146947384,0.21081585437059402,0.07052935287356377,
3,260819,mixed,MIXED,CNN_RNND,1680,0.4161984920501709,0.31896156817674637,0.09723691921681166,
3,260819,mixed,MIXED,CNN_RNND,1681,0.5991095751523972,0.45432400330901146,0.1447855830192566,
3,260819,mixed,MIXED,CNN_RNND,1682,0.4742608293890953,0.3564343899488449,0.1178264394402504,
3,260819,mixed,MIXED,CNN_RNND,1683,0.41257651150226593,0.3121751844882965,0.10040132142603397,
3,260819,mixed,MIXED,CNN_RNND,1684,0.5350298285484314,0.4037562236189842,0.13127361610531807,
3,260819,mixed,MIXED,CNN_RNND,1685,0.2911358214914799,0.21531948819756508,0.07581632770597935,
3,260819,mixed,MIXED,CNN_RNND,1686,0.38193192332983017,0.2840326949954033,0.09789922181516886,
3,260819,mixed,MIXED,CNN_RNND,1687,0.5459064021706581,0.4145580381155014,0.1313483566045761,
3,260819,mixed,MIXED,CNN_RNND,1688,0.564813420176506,0.43550433963537216,0.12930909171700478,
3,260819,mixed,MIXED,CNN_RNND,1689,0.4288797602057457,0.32808078452944756,0.10079897567629814,
3,260819,mixed,MIXED,CNN_RNND,1690,0.553240492939949,0.4198147989809513,0.13342571258544922,
3,260819,mixed,MIXED,CNN_RNND,1691,0.4778917357325554,0.36013692058622837,0.11775481794029474,
3,260819,mixed,MIXED,CNN_RNND,1692,0.47749456763267517,0.35959991067647934,0.11789466254413128,
3,260819,mixed,MIXED,CNN_RNND,1693,0.5108624249696732,0.3952842801809311,0.11557814665138721,
3,260819,mixed,MIXED,CNN_RNND,1694,0.2438601553440094,0.17821776121854782,0.06564239133149385,
3,260819,mixed,MIXED,CNN_RNND,1695,0.5111130625009537,0.3853694498538971,0.12574361637234688,
3,260819,mixed,MIXED,CNN_RNND,1696,0.5568427443504333,0.42310643941164017,0.13373630866408348,
3,260819,mixed,MIXED,CNN_RNND,1697,0.4294780567288399,0.32269854843616486,0.10677950922399759,
3,260819,mixed,MIXED,CNN_RNND,1698,0.5543438345193863,0.42182446271181107,0.13251939043402672,
3,260819,mixed,MIXED,CNN_RNND,1699,0.4015893191099167,0.3009496033191681,0.10063971020281315,
3,260819,mixed,MIXED,CNN_RNND,1700,0.4296830967068672,0.31729450821876526,0.11238857544958591,
3,260819,mixed,MIXED,CNN_RNND,1701,0.4839477762579918,0.3704768158495426,0.11347095482051373,
3,260819,mixed,MIXED,CNN_RNND,1702,0.641833022236824,0.4912225380539894,0.15061049163341522,
3,260819,mixed,MIXED,CNN_RNND,1703,0.3656100258231163,0.27452269196510315,0.09108733665198088,
3,260819,mixed,MIXED,CNN_RNND,1704,0.5353885442018509,0.4065587893128395,0.12882975488901138,
3,260819,mixed,MIXED,CNN_RNND,1705,0.34501611813902855,0.25840117409825325,0.08661494869738817,
3,260819,mixed,MIXED,CNN_RNND,1706,0.5302855744957924,0.4021942764520645,0.12809130735695362,
3,260819,mixed,MIXED,CNN_RNND,1707,0.4763944149017334,0.36295589804649353,0.11343851685523987,
3,260819,mixed,MIXED,CNN_RNND,1708,0.3665017783641815,0.2738049849867821,0.09269679989665747,
3,260819,mixed,MIXED,CNN_RNND,1709,0.4290270134806633,0.32808608189225197,0.10094092879444361,
3,260819,mixed,MIXED,CNN_RNND,1710,0.46205973997712135,0.3510461896657944,0.11101355496793985,
3,260819,mixed,MIXED,CNN_RNND,1711,0.37232280522584915,0.28586147725582123,0.08646132983267307,
3,260819,mixed,MIXED,CNN_RNND,1712,0.5301280096173286,0.4041731730103493,0.12595484405755997,
3,260819,mixed,MIXED,CNN_RNND,1713,0.4132523238658905,0.30737312883138657,0.10587919317185879,
3,260819,mixed,MIXED,CNN_RNND,1714,0.25603650882840157,0.19026431441307068,0.06577219627797604,
3,260819,mixed,MIXED,CNN_RNND,1715,0.4808509275317192,0.36385808885097504,0.11699283681809902,
3,260819,mixed,MIXED,CNN_RNND,1716,0.38718944042921066,0.2918991670012474,0.0952902790158987,
3,260819,mixed,MIXED,CNN_RNND,1717,0.3475499749183655,0.26445771008729935,0.08309226203709841,
3,260819,mixed,MIXED,CNN_RNND,1718,0.18094617873430252,0.12933428399264812,0.05161189567297697,
3,260819,mixed,MIXED,CNN_RNND,1719,0.7056389302015305,0.5283790081739426,0.1772599294781685,
3,260819,mixed,MIXED,CNN_RNND,1720,0.38950368016958237,0.29289574176073074,0.09660794958472252,
3,260819,mixed,MIXED,CNN_RNND,1721,0.40669411420822144,0.30438198894262314,0.10231213644146919,
3,260819,mixed,MIXED,CNN_RNND,1722,0.3872714564204216,0.29518960788846016,0.09208185784518719,
3,260819,mixed,MIXED,CNN_RNND,1723,0.3075517304241657,0.22921983897686005,0.0783318905159831,
3,260819,mixed,MIXED,CNN_RNND,1724,0.46135062724351883,0.34448425099253654,0.11686639301478863,
3,260819,mixed,MIXED,CNN_RNND,1725,0.5237342044711113,0.39628051966428757,0.12745369412004948,
3,260819,mixed,MIXED,CNN_RNND,1726,0.2612629011273384,0.1930287405848503,0.0682341642677784,
3,260819,mixed,MIXED,CNN_RNND,1727,0.5581114888191223,0.42302267253398895,0.13508882373571396,
3,260819,mixed,MIXED,CNN_RNND,1728,0.25690244138240814,0.19325516372919083,0.06364727951586246,
3,260819,mixed,MIXED,CNN_RNND,1729,0.46200401335954666,0.35153744369745255,0.11046657525002956,
3,260819,mixed,MIXED,CNN_RNND,1730,0.4733387939631939,0.35873694717884064,0.11460184212774038,
3,260819,mixed,MIXED,CNN_RNND,1731,0.25977946631610394,0.19480160996317863,0.0649778600782156,
3,260819,mixed,MIXED,CNN_RNND,1732,0.4738524779677391,0.3551562651991844,0.11869620718061924,
3,260819,mixed,MIXED,CNN_RNND,1733,0.42288411408662796,0.3198663145303726,0.10301781259477139,
3,260819,mixed,MIXED,CNN_RNND,1734,0.5027589350938797,0.38361502066254616,0.11914391256868839,
3,260819,mixed,MIXED,CNN_RNND,1735,0.3664456233382225,0.28023023530840874,0.08621539175510406,
3,260819,mixed,MIXED,CNN_RNND,1736,0.5818384345620871,0.4435764290392399,0.13826201297342777,
3,260819,mixed,MIXED,CNN_RNND,1737,0.29555607214570045,0.21165799722075462,0.08389806933701038,
3,260819,mixed,MIXED,CNN_RNND,1738,0.5596562474966049,0.4231182038784027,0.1365380473434925,
3,260819,mixed,MIXED,CNN_RNND,1739,0.4548070877790451,0.349269263446331,0.10553783364593983,
3,260819,mixed,MIXED,CNN_RNND,1740,0.47915085405111313,0.36327825486660004,0.11587259732186794,
3,260819,mixed,MIXED,CNN_RNND,1741,0.529670387506485,0.40637383610010147,0.12329654954373837,
3,260819,mixed,MIXED,CNN_RNND,1742,0.3602735102176666,0.27157478779554367,0.08869871869683266,
3,260819,mixed,MIXED,CNN_RNND,1743,0.5173866748809814,0.3940655216574669,0.12332115694880486,
3,260819,mixed,MIXED,CNN_RNND,1744,0.3500321991741657,0.26467955112457275,0.08535264898091555,
3,260819,mixed,MIXED,CNN_RNND,1745,0.4704577848315239,0.35348015651106834,0.1169776264578104,
3,260819,mixed,MIXED,CNN_RNND,1746,0.43967001512646675,0.3263486288487911,0.11332138162106276,
3,260819,mixed,MIXED,CNN_RNND,1747,0.41235731542110443,0.3130457028746605,0.09931160882115364,
3,260819,mixed,MIXED,CNN_RNND,1748,0.36775433272123337,0.27637559175491333,0.09137874655425549,
3,260819,mixed,MIXED,CNN_RNND,1749,0.415552981197834,0.31920286267995834,0.09635012410581112,
3,260819,mixed,MIXED,CNN_RNND,1750,0.5012437328696251,0.3844152204692364,0.11682851426303387,
3,260819,mixed,MIXED,CNN_RNND,1751,0.5849040672183037,0.44695955514907837,0.1379445120692253,
3,260819,mixed,MIXED,CNN_RNND,1752,0.3817940801382065,0.2926141954958439,0.08917988557368517,
3,260819,mixed,MIXED,CNN_RNND,1753,0.40480269491672516,0.30973082408308983,0.09507186710834503,
3,260819,mixed,MIXED,CNN_RNND,1754,0.39790067449212074,0.3001456633210182,0.0977550083771348,
3,260819,mixed,MIXED,CNN_RNND,1755,0.6185353994369507,0.4711059480905533,0.1474294550716877,
3,260819,mixed,MIXED,CNN_RNND,1756,0.34710849449038506,0.2647484317421913,0.08236005809158087,
3,260819,mixed,MIXED,CNN_RNND,1757,0.4467412531375885,0.34140749275684357,0.10533377155661583,
3,260819,mixed,MIXED,CNN_RNND,1758,0.3445785567164421,0.2628663629293442,0.08171219006180763,
3,260819,mixed,MIXED,CNN_RNND,1759,0.42832811176776886,0.324565339833498,0.10376275703310966,
3,260819,mixed,MIXED,CNN_RNND,1760,0.28740160167217255,0.2123619131743908,0.07503968942910433,
3,260819,mixed,MIXED,CNN_RNND,1761,0.3203059956431389,0.24002555757761002,0.08028043061494827,
3,260819,mixed,MIXED,CNN_RNND,1762,0.2871089465916157,0.21846923232078552,0.06863971706479788,
3,260819,mixed,MIXED,CNN_RNND,1763,0.5920787751674652,0.45151372998952866,0.14056503772735596,
3,260819,mixed,MIXED,CNN_RNND,1764,0.4145786762237549,0.3128005266189575,0.10177815333008766,
3,260819,mixed,MIXED,CNN_RNND,1765,0.47604020684957504,0.3584228865802288,0.11761732399463654,
3,260819,mixed,MIXED,CNN_RNND,1766,0.29647577926516533,0.22085578180849552,0.07562000304460526,
3,260819,mixed,MIXED,CNN_RNND,1767,0.38525189459323883,0.28680526465177536,0.09844662342220545,
3,260819,mixed,MIXED,CNN_RNND,1768,0.6572843492031097,0.4982261657714844,0.15905819460749626,
3,260819,mixed,MIXED,CNN_RNND,1769,0.30777183547616005,0.22248537465929985,0.08528646267950535,
3,260819,mixed,MIXED,CNN_RNND,1770,0.4192853905260563,0.31968602165579796,0.09959935955703259,
3,260819,mixed,MIXED,CNN_RNND,1771,0.39106643572449684,0.2903321832418442,0.10073425155133009,
3,260819,mixed,MIXED,CNN_RNND,1772,0.4651764705777168,0.3557502329349518,0.10942621994763613,
3,260819,mixed,MIXED,CNN_RNND,1773,0.33966680243611336,0.25272291898727417,0.08694388903677464,
3,260819,mixed,MIXED,CNN_RNND,1774,0.39549580588936806,0.30024271458387375,0.0952530987560749,
3,260819,mixed,MIXED,CNN_RNND,1775,0.34204643219709396,0.262186985462904,0.07985945511609316,
3,260819,mixed,MIXED,CNN_RNND,1776,0.5118078589439392,0.39455191791057587,0.11725593730807304,
3,260819,mixed,MIXED,CNN_RNND,1777,0.5588187128305435,0.42697474360466003,0.13184397295117378,
3,260819,mixed,MIXED,CNN_RNND,1778,0.3282773979008198,0.2521047964692116,0.07617260795086622,
3,260819,mixed,MIXED,CNN_RNND,1779,0.3754163682460785,0.28799400478601456,0.08742236159741879,
3,260819,mixed,MIXED,CNN_RNND,1780,0.5251646786928177,0.39364486187696457,0.13151982054114342,
3,260819,mixed,MIXED,CNN_RNND,1781,0.48740139603614807,0.365926630795002,0.12147475779056549,
3,260819,mixed,MIXED,CNN_RNND,1782,0.5115172192454338,0.384829867631197,0.1266873376443982,
3,260819,mixed,MIXED,CNN_RNND,1783,0.5197945795953274,0.39152590930461884,0.12826867122203112,
3,260819,mixed,MIXED,CNN_RNND,1784,0.5073271989822388,0.38509928062558174,0.12222792021930218,
3,260819,mixed,MIXED,CNN_RNND,1785,0.42936795949935913,0.3241085447371006,0.10525941103696823,
3,260819,mixed,MIXED,CNN_RNND,1786,0.5083447359502316,0.38326384127140045,0.1250808909535408,
3,260819,mixed,MIXED,CNN_RNND,1787,0.41882815957069397,0.3247489109635353,0.09407924301922321,
3,260819,mixed,MIXED,CNN_RNND,1788,0.45410140603780746,0.3457098975777626,0.10839150659739971,
3,260819,mixed,MIXED,CNN_RNND,1789,0.4206707365810871,0.32407892495393753,0.09659180790185928,
3,260819,mixed,MIXED,CNN_RNND,1790,0.5237482562661171,0.40202247351408005,0.1217257846146822,
3,260819,mixed,MIXED,CNN_RNND,1791,0.28390875086188316,0.21429437585175037,0.06961438525468111,
3,260819,mixed,MIXED,CNN_RNND,1792,0.3622109591960907,0.2764047756791115,0.08580617234110832,
3,260819,mixed,MIXED,CNN_RNND,1793,0.44977952539920807,0.3473116457462311,0.10246788151562214,
3,260819,mixed,MIXED,CNN_RNND,1794,0.4578009247779846,0.3558320850133896,0.10196883790194988,
3,260819,mixed,MIXED,CNN_RNND,1795,0.4713156595826149,0.3525419607758522,0.11877370811998844,
3,260819,mixed,MIXED,CNN_RNND,1796,0.34674581326544285,0.26129781268537045,0.0854480005800724,
3,260819,mixed,MIXED,CNN_RNND,1797,0.5241412073373795,0.40589219331741333,0.11824900656938553,
3,260819,mixed,MIXED,CNN_RNND,1798,0.4748580977320671,0.359054371714592,0.11580372042953968,
3,260819,mixed,MIXED,CNN_RNND,1799,0.34820330142974854,0.2599528543651104,0.08825044892728329,
3,260819,mixed,MIXED,CNN_RNND,1800,0.39762590266764164,0.30245024524629116,0.09517566859722137,-0.8293706067196871
3,260819,mixed,MIXED,CNN_RNND,1801,0.5260040163993835,0.40487831830978394,0.12112570181488991,
3,260819,mixed,MIXED,CNN_RNND,1802,0.38757938891649246,0.2949292026460171,0.09265018999576569,
3,260819,mixed,MIXED,CNN_RNND,1803,0.3427380546927452,0.2606522347778082,0.08208581618964672,
3,260819,mixed,MIXED,CNN_RNND,1804,0.42014067620038986,0.3186282366514206,0.10151243954896927,
3,260819,mixed,MIXED,CNN_RNND,1805,0.4489668756723404,0.3400135450065136,0.1089533343911171,
3,260819,mixed,MIXED,CNN_RNND,1806,0.27674829587340355,0.20356558822095394,0.07318271417170763,
3,260819,mixed,MIXED,CNN_RNND,1807,0.3973724842071533,0.29794320091605186,0.0994292888790369,
3,260819,mixed,MIXED,CNN_RNND,1808,0.30498237162828445,0.22980628535151482,0.07517607882618904,
3,260819,mixed,MIXED,CNN_RNND,1809,0.45398102328181267,0.34419070556759834,0.1097903111949563,
3,260819,mixed,MIXED,CNN_RNND,1810,0.32670617662370205,0.25099292024970055,0.07571326196193695,
3,260819,mixed,MIXED,CNN_RNND,1811,0.42695214599370956,0.32522665709257126,0.10172549076378345,
3,260819,mixed,MIXED,CNN_RNND,1812,0.5139884650707245,0.39905041828751564,0.11493805795907974,
3,260819,mixed,MIXED,CNN_RNND,1813,0.34997428953647614,0.2682667076587677,0.08170757070183754,
3,260819,mixed,MIXED,CNN_RNND,1814,0.3700290434062481,0.27908987924456596,0.09093916974961758,
3,260819,mixed,MIXED,CNN_RNND,1815,0.4057253524661064,0.309123732149601,0.09660161845386028,
3,260819,mixed,MIXED,CNN_RNND,1816,0.6380561664700508,0.48939115554094315,0.14866501092910767,
3,260819,mixed,MIXED,CNN_RNND,1817,0.4459441676735878,0.33869918435811996,0.10724497027695179,
3,260819,mixed,MIXED,CNN_RNND,1818,0.3349567726254463,0.260784775018692,0.07417200319468975,
3,260819,mixed,MIXED,CNN_RNND,1819,0.5981077179312706,0.45330895110964775,0.1447987649589777,
3,260819,mixed,MIXED,CNN_RNND,1820,0.5692117288708687,0.43724486231803894,0.1319668758660555,
3,260819,mixed,MIXED,CNN_RNND,1821,0.47709937393665314,0.36076052114367485,0.11633885093033314,
3,260819,mixed,MIXED,CNN_RNND,1822,0.30652380734682083,0.23378800228238106,0.07273580692708492,
3,260819,mixed,MIXED,CNN_RNND,1823,0.3263815864920616,0.24680577963590622,0.0795758105814457,
3,260819,mixed,MIXED,CNN_RNND,1824,0.5707919523119926,0.43012963607907295,0.1406623125076294,
3,260819,mixed,MIXED,CNN_RNND,1825,0.49111219495534897,0.3711567744612694,0.1199554093182087,
3,260819,mixed,MIXED,CNN_RNND,1826,0.5160345509648323,0.3900493159890175,0.12598523125052452,
3,260819,mixed,MIXED,CNN_RNND,1827,0.4665062390267849,0.3514659646898508,0.11504028271883726,
3,260819,mixed,MIXED,CNN_RNND,1828,0.42496732994914055,0.32460547238588333,0.10036185942590237,
3,260819,mixed,MIXED,CNN_RNND,1829,0.5801089853048325,0.44847744330763817,0.1316315457224846,
3,260819,mixed,MIXED,CNN_RNND,1830,0.6662722900509834,0.5180842205882072,0.14818808995187283,
3,260819,mixed,MIXED,CNN_RNND,1831,0.566213883459568,0.43413636088371277,0.13207752257585526,
3,260819,mixed,MIXED,CNN_RNND,1832,0.3060969114303589,0.23320969194173813,0.07288722135126591,
3,260819,mixed,MIXED,CNN_RNND,1833,0.4086457546800375,0.3134661726653576,0.09517959272488952,
3,260819,mixed,MIXED,CNN_RNND,1834,0.41331932693719864,0.31511814519762993,0.09820116963237524,
3,260819,mixed,MIXED,CNN_RNND,1835,0.4705238491296768,0.36285490542650223,0.107668936252594,
3,260819,mixed,MIXED,CNN_RNND,1836,0.47995735704898834,0.3660186305642128,0.11393872648477554,
3,260819,mixed,MIXED,CNN_RNND,1837,0.33720778673887253,0.2591033987700939,0.07810438424348831,
3,260819,mixed,MIXED,CNN_RNND,1838,0.6371344327926636,0.48749685287475586,0.149637583643198,
3,260819,mixed,MIXED,CNN_RNND,1839,0.3806383050978184,0.29324183985590935,0.0873964698985219,
3,260819,mixed,MIXED,CNN_RNND,1840,0.42205310612916946,0.3264690488576889,0.09558405540883541,
3,260819,mixed,MIXED,CNN_RNND,1841,0.44175035133957863,0.3389894589781761,0.10276089329272509,
3,260819,mixed,MIXED,CNN_RNND,1842,0.33889003843069077,0.25961414352059364,0.07927589677274227,
3,260819,mixed,MIXED,CNN_RNND,1843,0.40187913179397583,0.3086242899298668,0.09325483627617359,
3,260819,mixed,MIXED,CNN_RNND,1844,0.5198344588279724,0.4021936431527138,0.11764080636203289,
3,260819,mixed,MIXED,CNN_RNND,1845,0.32933035492897034,0.24759814701974392,0.08173220697790384,
3,260819,mixed,MIXED,CNN_RNND,1846,0.3806893639266491,0.29241866432130337,0.08827069029211998,
3,260819,mixed,MIXED,CNN_RNND,1847,0.5521249920129776,0.416699081659317,0.13542589358985424,
3,260819,mixed,MIXED,CNN_RNND,1848,0.4149724915623665,0.31729669496417046,0.09767580218613148,
3,260819,mixed,MIXED,CNN_RNND,1849,0.5652386695146561,0.4346817061305046,0.13055695965886116,
3,260819,mixed,MIXED,CNN_RNND,1850,0.40492042899131775,0.3134719915688038,0.09144843369722366,
3,260819,mixed,MIXED,CNN_RNND,1851,0.2975512109696865,0.23207707703113556,0.06547413021326065,
3,260819,mixed,MIXED,CNN_RNND,1852,0.5116118639707565,0.3898174464702606,0.1217944286763668,
3,260819,mixed,MIXED,CNN_RNND,1853,0.4474058747291565,0.33455098420381546,0.11285490170121193,
3,260819,mixed,MIXED,CNN_RNND,1854,0.5257095471024513,0.40549424290657043,0.12021530419588089,
3,260819,mixed,MIXED,CNN_RNND,1855,0.33064013719558716,0.2528812885284424,0.07775884121656418,
3,260819,mixed,MIXED,CNN_RNND,1856,0.47732771188020706,0.3713820278644562,0.10594569519162178,
3,260819,mixed,MIXED,CNN_RNND,1857,0.3533443622291088,0.2733873501420021,0.07995700463652611,
3,260819,mixed,MIXED,CNN_RNND,1858,0.46156439930200577,0.3552665337920189,0.10629786737263203,
3,260819,mixed,MIXED,CNN_RNND,1859,0.4487755000591278,0.3406197279691696,0.10815577022731304,
3,260819,mixed,MIXED,CNN_RNND,1860,0.44610825553536415,0.3426939323544502,0.10341432504355907,
3,260819,mixed,MIXED,CNN_RNND,1861,0.43445853888988495,0.32812633365392685,0.10633219964802265,
3,260819,mixed,MIXED,CNN_RNND,1862,0.34996092692017555,0.26818646490573883,0.08177445270121098,
3,260819,mixed,MIXED,CNN_RNND,1863,0.4957629069685936,0.37912387400865555,0.11663902923464775,
3,260819,mixed,MIXED,CNN_RNND,1864,0.3012230023741722,0.23040084540843964,0.07082215696573257,
3,260819,mixed,MIXED,CNN_RNND,1865,0.3217989429831505,0.24888479709625244,0.07291414216160774,
3,260819,mixed,MIXED,CNN_RNND,1866,0.5334330052137375,0.4064427465200424,0.12699024565517902,
3,260819,mixed,MIXED,CNN_RNND,1867,0.4265306890010834,0.32437143474817276,0.10215924447402358,
3,260819,mixed,MIXED,CNN_RNND,1868,0.27548054978251457,0.2117423601448536,0.06373819056898355,
3,260819,mixed,MIXED,CNN_RNND,1869,0.5391969159245491,0.41866037249565125,0.12053654156625271,
3,260819,mixed,MIXED,CNN_RNND,1870,0.5490286201238632,0.4171670824289322,0.13186153769493103,
3,260819,mixed,MIXED,CNN_RNND,1871,0.3487916812300682,0.27177250757813454,0.07701917458325624,
3,260819,mixed,MIXED,CNN_RNND,1872,0.5994641184806824,0.4554099440574646,0.14405417256057262,
3,260819,mixed,MIXED,CNN_RNND,1873,0.480975866317749,0.36876316741108894,0.11221269331872463,
3,260819,mixed,MIXED,CNN_RNND,1874,0.3466947302222252,0.27029785327613354,0.07639688719063997,
3,260819,mixed,MIXED,CNN_RNND,1875,0.6206980347633362,0.4761977717280388,0.14450025744736195,
3,260819,mixed,MIXED,CNN_RNND,1876,0.4334535412490368,0.331515908241272,0.10193764325231314,
3,260819,mixed,MIXED,CNN_RNND,1877,0.34788212180137634,0.26860712096095085,0.07927499525249004,
3,260819,mixed,MIXED,CNN_RNND,1878,0.3531618006527424,0.2699063941836357,0.08325539715588093,
3,260819,mixed,MIXED,CNN_RNND,1879,0.3183627240359783,0.2452634610235691,0.07309926766902208,
3,260819,mixed,MIXED,CNN_RNND,1880,0.3217342905700207,0.2523094341158867,0.06942485366016626,
3,260819,mixed,MIXED,CNN_RNND,1881,0.39590130373835564,0.2995719574391842,0.0963293369859457,
3,260819,mixed,MIXED,CNN_RNND,1882,0.5533140599727631,0.42166518047451973,0.13164887204766273,
3,260819,mixed,MIXED,CNN_RNND,1883,0.23229513689875603,0.18002860993146896,0.052266526967287064,
3,260819,mixed,MIXED,CNN_RNND,1884,0.4732838198542595,0.35879185050725937,0.11449197120964527,
3,260819,mixed,MIXED,CNN_RNND,1885,0.3998149000108242,0.31020449101924896,0.08961041457951069,
3,260819,mixed,MIXED,CNN_RNND,1886,0.5162439271807671,0.39973074197769165,0.11651318520307541,
3,260819,mixed,MIXED,CNN_RNND,1887,0.31378791481256485,0.23615019768476486,0.07763771247118711,
3,260819,mixed,MIXED,CNN_RNND,1888,0.4015568383038044,0.3066119197756052,0.09494491200894117,
3,260819,mixed,MIXED,CNN_RNND,1889,0.3862055689096451,0.29622752219438553,0.08997805044054985,
3,260819,mixed,MIXED,CNN_RNND,1890,0.4633093923330307,0.3552125319838524,0.10809686407446861,
3,260819,mixed,MIXED,CNN_RNND,1891,0.3772895708680153,0.29416458681225777,0.0831249812617898,
3,260819,mixed,MIXED,CNN_RNND,1892,0.36914394050836563,0.274765657261014,0.09437829861417413,
3,260819,mixed,MIXED,CNN_RNND,1893,0.556949071586132,0.4349817559123039,0.12196732871234417,
3,260819,mixed,MIXED,CNN_RNND,1894,0.47876017540693283,0.3666292056441307,0.11213097721338272,
3,260819,mixed,MIXED,CNN_RNND,1895,0.33797770738601685,0.2613250035792589,0.07665271032601595,
3,260819,mixed,MIXED,CNN_RNND,1896,0.5933517292141914,0.4468315914273262,0.14652013964951038,
3,260819,mixed,MIXED,CNN_RNND,1897,0.3881074860692024,0.3028121776878834,0.08529531676322222,
3,260819,mixed,MIXED,CNN_RNND,1898,0.2993205860257149,0.23063649609684944,0.06868408992886543,
3,260819,mixed,MIXED,CNN_RNND,1899,0.5756781846284866,0.4382648468017578,0.13741332665085793,
3,260819,mixed,MIXED,CNN_RNND,1900,0.3629121854901314,0.2754080072045326,0.0875041801482439,
3,260819,mixed,MIXED,CNN_RNND,1901,0.31054506450891495,0.23788033425807953,0.072664731182158,
3,260819,mixed,MIXED,CNN_RNND,1902,0.6546757407486439,0.5037195608019829,0.15095618646591902,
3,260819,mixed,MIXED,CNN_RNND,1903,0.3681058920919895,0.2840067110955715,0.08409918285906315,
3,260819,mixed,MIXED,CNN_RNND,1904,0.3681426867842674,0.2830653414130211,0.0850773355923593,
3,260819,mixed,MIXED,CNN_RNND,1905,0.3923324644565582,0.3044788986444473,0.0878535583615303,
3,260819,mixed,MIXED,CNN_RNND,1906,0.46951063722372055,0.34999633580446243,0.11951430514454842,
3,260819,mixed,MIXED,CNN_RNND,1907,0.5137286931276321,0.38871537894010544,0.12501331977546215,
3,260819,mixed,MIXED,CNN_RNND,1908,0.4740496128797531,0.3635392114520073,0.11051041167229414,
3,260819,mixed,MIXED,CNN_RNND,1909,0.41770838759839535,0.3266056068241596,0.09110277891159058,
3,260819,mixed,MIXED,CNN_RNND,1910,0.38810616359114647,0.29531408846378326,0.09279207605868578,
3,260819,mixed,MIXED,CNN_RNND,1911,0.27911172062158585,0.2159743718802929,0.06313733849674463,
3,260819,mixed,MIXED,CNN_RNND,1912,0.5167932361364365,0.3975043073296547,0.11928893346339464,
3,260819,mixed,MIXED,CNN_RNND,1913,0.4633639473468065,0.36414066329598427,0.09922327287495136,
3,260819,mixed,MIXED,CNN_RNND,1914,0.38846075534820557,0.291149839758873,0.09731091326102614,
3,260819,mixed,MIXED,CNN_RNND,1915,0.42837897688150406,0.32922135293483734,0.09915763139724731,
3,260819,mixed,MIXED,CNN_RNND,1916,0.5070598125457764,0.3930143043398857,0.11404550075531006,
3,260819,mixed,MIXED,CNN_RNND,1917,0.4406113252043724,0.33983466029167175,0.10077666491270065,
3,260819,mixed,MIXED,CNN_RNND,1918,0.49287296645343304,0.37625614181160927,0.11661683395504951,
3,260819,mixed,MIXED,CNN_RNND,1919,0.44892602413892746,0.344919815659523,0.10400620475411415,
3,260819,mixed,MIXED,CNN_RNND,1920,0.4929686412215233,0.3795778825879097,0.11339075490832329,
3,260819,mixed,MIXED,CNN_RNND,1921,0.36107516661286354,0.27614590153098106,0.08492926601320505,
3,260819,mixed,MIXED,CNN_RNND,1922,0.45774805173277855,0.357495479285717,0.10025257430970669,
3,260819,mixed,MIXED,CNN_RNND,1923,0.5231095403432846,0.3899150490760803,0.13319450058043003,
3,260819,mixed,MIXED,CNN_RNND,1924,0.2944834567606449,0.22114459238946438,0.07333886250853539,
3,260819,mixed,MIXED,CNN_RNND,1925,0.5797711461782455,0.4430006220936775,0.13677052594721317,
3,260819,mixed,MIXED,CNN_RNND,1926,0.41635463014245033,0.31770942732691765,0.09864520840346813,
3,260819,mixed,MIXED,CNN_RNND,1927,0.41537148877978325,0.3252485580742359,0.09012293443083763,
3,260819,mixed,MIXED,CNN_RNND,1928,0.2264261245727539,0.17033198103308678,0.05609414353966713,
3,260819,mixed,MIXED,CNN_RNND,1929,0.2913016714155674,0.2307339906692505,0.06056767562404275,
3,260819,mixed,MIXED,CNN_RNND,1930,0.3870167210698128,0.30372025072574615,0.08329646661877632,
3,260819,mixed,MIXED,CNN_RNND,1931,0.4580129086971283,0.3466491550207138,0.11136375181376934,
3,260819,mixed,MIXED,CNN_RNND,1932,0.375479768961668,0.2946651168167591,0.08081465400755405,
3,260819,mixed,MIXED,CNN_RNND,1933,0.39290212094783783,0.29914311319589615,0.09375900402665138,
3,260819,mixed,MIXED,CNN_RNND,1934,0.5067790597677231,0.3917316906154156,0.11504735797643661,
3,260819,mixed,MIXED,CNN_RNND,1935,0.42664556205272675,0.33119770884513855,0.09544785600155592,
3,260819,mixed,MIXED,CNN_RNND,1936,0.5618362724781036,0.43932583928108215,0.12251043878495693,
3,260819,mixed,MIXED,CNN_RNND,1937,0.31894854828715324,0.2507769986987114,0.06817155424505472,
3,260819,mixed,MIXED,CNN_RNND,1938,0.3721938580274582,0.28914831578731537,0.08304554969072342,
3,260819,mixed,MIXED,CNN_RNND,1939,0.21405059099197388,0.17033420130610466,0.043716391548514366,
3,260819,mixed,MIXED,CNN_RNND,1940,0.2763184756040573,0.2147085815668106,0.061609892174601555,
3,260819,mixed,MIXED,CNN_RNND,1941,0.5484585613012314,0.4206245169043541,0.127834040671587,
3,260819,mixed,MIXED,CNN_RNND,1942,0.46869996190071106,0.36194610223174095,0.1067538745701313,
3,260819,mixed,MIXED,CNN_RNND,1943,0.5865600034594536,0.446527399122715,0.14003261551260948,
3,260819,mixed,MIXED,CNN_RNND,1944,0.396076999604702,0.3033735789358616,0.09270341880619526,
3,260819,mixed,MIXED,CNN_RNND,1945,0.2543148063123226,0.19685450196266174,0.057460299693048,
3,260819,mixed,MIXED,CNN_RNND,1946,0.3954624608159065,0.3026629090309143,0.09279955830425024,
3,260819,mixed,MIXED,CNN_RNND,1947,0.3878549672663212,0.30271627753973007,0.08513869252055883,
3,260819,mixed,MIXED,CNN_RNND,1948,0.5187067687511444,0.40451621264219284,0.11419054865837097,
3,260819,mixed,MIXED,CNN_RNND,1949,0.5586267560720444,0.4271833002567291,0.13144345581531525,
3,260819,mixed,MIXED,CNN_RNND,1950,0.34871572256088257,0.27111853659152985,0.077597183175385,
3,260819,mixed,MIXED,CNN_RNND,1951,0.4411889687180519,0.3474193513393402,0.0937696136534214,
3,260819,mixed,MIXED,CNN_RNND,1952,0.5064403936266899,0.39755964279174805,0.10888074338436127,
3,260819,mixed,MIXED,CNN_RNND,1953,0.5149165764451027,0.3924984745681286,0.12241809442639351,
3,260819,mixed,MIXED,CNN_RNND,1954,0.4738912954926491,0.3655538260936737,0.10833747312426567,
3,260819,mixed,MIXED,CNN_RNND,1955,0.2835742700845003,0.22212963551282883,0.061444636434316635,
3,260819,mixed,MIXED,CNN_RNND,1956,0.5174161568284035,0.3979822099208832,0.11943395622074604,
3,260819,mixed,MIXED,CNN_RNND,1957,0.3292086571455002,0.25343599170446396,0.07577266823500395,
3,260819,mixed,MIXED,CNN_RNND,1958,0.2670513466000557,0.20752647146582603,0.05952486861497164,
3,260819,mixed,MIXED,CNN_RNND,1959,0.48003122955560684,0.37551960349082947,0.10451162792742252,
3,260819,mixed,MIXED,CNN_RNND,1960,0.3573804423213005,0.2749292217195034,0.08245121315121651,
3,260819,mixed,MIXED,CNN_RNND,1961,0.5225172340869904,0.40219227597117424,0.12032495439052582,
3,260819,mixed,MIXED,CNN_RNND,1962,0.3073638826608658,0.23837259784340858,0.0689912736415863,
3,260819,mixed,MIXED,CNN_RNND,1963,0.39499998837709427,0.30129560828208923,0.09370438382029533,
3,260819,mixed,MIXED,CNN_RNND,1964,0.39750638604164124,0.3058885559439659,0.09161784127354622,
3,260819,mixed,MIXED,CNN_RNND,1965,0.3902408182621002,0.2977147400379181,0.09252608474344015,
3,260819,mixed,MIXED,CNN_RNND,1966,0.5098033845424652,0.4003363251686096,0.10946705564856529,
3,260819,mixed,MIXED,CNN_RNND,1967,0.23974760249257088,0.186206616461277,0.05354099161922932,
3,260819,mixed,MIXED,CNN_RNND,1968,0.39748750627040863,0.3106001578271389,0.08688735216856003,
3,260819,mixed,MIXED,CNN_RNND,1969,0.5407437458634377,0.41971953213214874,0.12102420069277287,
3,260819,mixed,MIXED,CNN_RNND,1970,0.8038857728242874,0.6078985184431076,0.1959872543811798,
3,260819,mixed,MIXED,CNN_RNND,1971,0.42995382845401764,0.3257581368088722,0.10419568791985512,
3,260819,mixed,MIXED,CNN_RNND,1972,0.4412955045700073,0.3400903604924679,0.10120513662695885,
3,260819,mixed,MIXED,CNN_RNND,1973,0.499677836894989,0.384260680526495,0.11541716009378433,
3,260819,mixed,MIXED,CNN_RNND,1974,0.3542185667902231,0.2715045679360628,0.08271399838849902,
3,260819,mixed,MIXED,CNN_RNND,1975,0.2933868430554867,0.2305147424340248,0.06287210341542959,
3,260819,mixed,MIXED,CNN_RNND,1976,0.2224958837032318,0.17238511703908443,0.050110770389437675,
3,260819,mixed,MIXED,CNN_RNND,1977,0.41005220264196396,0.31286750361323357,0.09718470089137554,
3,260819,mixed,MIXED,CNN_RNND,1978,0.4212832674384117,0.32258332520723343,0.09869994968175888,
3,260819,mixed,MIXED,CNN_RNND,1979,0.44753801822662354,0.3486147355288267,0.09892328083515167,
3,260819,mixed,MIXED,CNN_RNND,1980,0.5440587922930717,0.4114745035767555,0.13258427940309048,
3,260819,mixed,MIXED,CNN_RNND,1981,0.6580828428268433,0.4986414462327957,0.15944140031933784,
3,260819,mixed,MIXED,CNN_RNND,1982,0.3355388715863228,0.2563086077570915,0.07923026755452156,
3,260819,mixed,MIXED,CNN_RNND,1983,0.5726160258054733,0.4444805085659027,0.12813553027808666,
3,260819,mixed,MIXED,CNN_RNND,1984,0.4046201780438423,0.3169685825705528,0.08765160292387009,
3,260819,mixed,MIXED,CNN_RNND,1985,0.3286880701780319,0.2575605418533087,0.0711275297217071,
3,260819,mixed,MIXED,CNN_RNND,1986,0.32448453456163406,0.2516683042049408,0.0728162294253707,
3,260819,mixed,MIXED,CNN_RNND,1987,0.5069252476096153,0.3873973675072193,0.11952787078917027,
3,260819,mixed,MIXED,CNN_RNND,1988,0.35262978821992874,0.27596956863999367,0.07666022051125765,
3,260819,mixed,MIXED,CNN_RNND,1989,0.3716941699385643,0.2901661619544029,0.08152801543474197,
3,260819,mixed,MIXED,CNN_RNND,1990,0.4217764288187027,0.3241613730788231,0.09761505387723446,
3,260819,mixed,MIXED,CNN_RNND,1991,0.5584005787968636,0.43126924335956573,0.1271313577890396,
3,260819,mixed,MIXED,CNN_RNND,1992,0.48915165662765503,0.3788462355732918,0.11030542105436325,
3,260819,mixed,MIXED,CNN_RNND,1993,0.4978988543152809,0.3874969482421875,0.11040188744664192,
3,260819,mixed,MIXED,CNN_RNND,1994,0.4414094127714634,0.3461718261241913,0.09523758478462696,
3,260819,mixed,MIXED,CNN_RNND,1995,0.4184849113225937,0.3264078125357628,0.0920770950615406,
3,260819,mixed,MIXED,CNN_RNND,1996,0.5411947444081306,0.41966575384140015,0.1215289942920208,
3,260819,mixed,MIXED,CNN_RNND,1997,0.2863214537501335,0.22096925601363182,0.06535220891237259,
3,260819,mixed,MIXED,CNN_RNND,1998,0.48293741792440414,0.37197598069906235,0.1109614446759224,
3,260819,mixed,MIXED,CNN_RNND,1999,0.5963173061609268,0.46076204627752304,0.13555526919662952,
3,260819,mixed,MIXED,CNN_RNND,2000,0.4097078926861286,0.31465814262628555,0.09504974540323019,-0.8932405268202602
3,260819,mixed,MIXED,CNN_RNND,2001,0.3576127327978611,0.27432797476649284,0.08328475803136826,
3,260819,mixed,MIXED,CNN_RNND,2002,0.3614712953567505,0.2781985141336918,0.0832727812230587,
3,260819,mixed,MIXED,CNN_RNND,2003,0.34515851736068726,0.2668271418660879,0.07833137409761548,
3,260819,mixed,MIXED,CNN_RNND,2004,0.1618414018303156,0.12608507089316845,0.03575633326545358,
3,260819,mixed,MIXED,CNN_RNND,2005,0.5154426619410515,0.39550910145044327,0.11993356607854366,
3,260819,mixed,MIXED,CNN_RNND,2006,0.3874145820736885,0.30592079646885395,0.08149379119277,
3,260819,mixed,MIXED,CNN_RNND,2007,0.34195470809936523,0.25395194441080093,0.08800276555120945,
3,260819,mixed,MIXED,CNN_RNND,2008,0.41791993379592896,0.32314516976475716,0.09477477706968784,
3,260819,mixed,MIXED,CNN_RNND,2009,0.31348396465182304,0.24605263210833073,0.0674313292838633,
3,260819,mixed,MIXED,CNN_RNND,2010,0.38671521097421646,0.29907143861055374,0.08764377608895302,
3,260819,mixed,MIXED,CNN_RNND,2011,0.34839268028736115,0.27029586397111416,0.07809681491926312,
3,260819,mixed,MIXED,CNN_RNND,2012,0.442933090031147,0.34300646930933,0.09992662258446217,
3,260819,mixed,MIXED,CNN_RNND,2013,0.4091845005750656,0.32197630405426025,0.08720820397138596,
3,260819,mixed,MIXED,CNN_RNND,2014,0.5282214432954788,0.4022144190967083,0.12600702978670597,
3,260819,mixed,MIXED,CNN_RNND,2015,0.42789603769779205,0.33156220614910126,0.09633383620530367,
3,260819,mixed,MIXED,CNN_RNND,2016,0.41406212747097015,0.31056445464491844,0.10349767189472914,
3,260819,mixed,MIXED,CNN_RNND,2017,0.5804086551070213,0.44147827476263046,0.13893039524555206,
3,260819,mixed,MIXED,CNN_RNND,2018,0.4524065591394901,0.34504879266023636,0.10735776275396347,
3,260819,mixed,MIXED,CNN_RNND,2019,0.47700538858771324,0.3700105659663677,0.10699481703341007,
3,260819,mixed,MIXED,CNN_RNND,2020,0.3036731630563736,0.235769622027874,0.06790354195982218,
3,260819,mixed,MIXED,CNN_RNND,2021,0.48228707909584045,0.3763807564973831,0.10590631142258644,
3,260819,mixed,MIXED,CNN_RNND,2022,0.51917415112257,0.399215467274189,0.11995868943631649,
3,260819,mixed,MIXED,CNN_RNND,2023,0.4929955080151558,0.37735625356435776,0.11563925258815289,
3,260819,mixed,MIXED,CNN_RNND,2024,0.3155449479818344,0.24652405083179474,0.06902089156210423,
3,260819,mixed,MIXED,CNN_RNND,2025,0.23316364362835884,0.18228469416499138,0.05087895272299647,
3,260819,mixed,MIXED,CNN_RNND,2026,0.38511920161545277,0.3037935523316264,0.08132564648985863,
3,260819,mixed,MIXED,CNN_RNND,2027,0.5410124361515045,0.4170997068285942,0.12391272187232971,
3,260819,mixed,MIXED,CNN_RNND,2028,0.4747347831726074,0.36903117410838604,0.1057036118581891,
3,260819,mixed,MIXED,CNN_RNND,2029,0.25271577201783657,0.20038201659917831,0.0523337465710938,
3,260819,mixed,MIXED,CNN_RNND,2030,0.5113705694675446,0.3969336599111557,0.1144369076937437,
3,260819,mixed,MIXED,CNN_RNND,2031,0.3962881341576576,0.30267589539289474,0.09361223503947258,
3,260819,mixed,MIXED,CNN_RNND,2032,0.38292374089360237,0.294204767793417,0.08871897496283054,
3,260819,mixed,MIXED,CNN_RNND,2033,0.34172071516513824,0.26779040694236755,0.07393030915409327,
3,260819,mixed,MIXED,CNN_RNND,2034,0.40375547856092453,0.3158106915652752,0.08794479351490736,
3,260819,mixed,MIXED,CNN_RNND,2035,0.5034508258104324,0.3929184600710869,0.11053235456347466,
3,260819,mixed,MIXED,CNN_RNND,2036,0.40188099443912506,0.3048839457333088,0.09699705056846142,
3,260819,mixed,MIXED,CNN_RNND,2037,0.39109354838728905,0.30544082075357437,0.08565272390842438,
3,260819,mixed,MIXED,CNN_RNND,2038,0.306211668998003,0.2374507114291191,0.06876096036285162,
3,260819,mixed,MIXED,CNN_RNND,2039,0.4182859845459461,0.3274598531424999,0.0908261239528656,
3,260819,mixed,MIXED,CNN_RNND,2040,0.38536296784877777,0.2980897016823292,0.08727325685322285,
3,260819,mixed,MIXED,CNN_RNND,2041,0.5070698484778404,0.4006201699376106,0.10644968040287495,
3,260819,mixed,MIXED,CNN_RNND,2042,0.2867193631827831,0.2258598394691944,0.06085952091962099,
3,260819,mixed,MIXED,CNN_RNND,2043,0.3175232373178005,0.24699193239212036,0.07053130306303501,
3,260819,mixed,MIXED,CNN_RNND,2044,0.46614308282732964,0.35600486025214195,0.11013821791857481,
3,260819,mixed,MIXED,CNN_RNND,2045,0.4816043898463249,0.37915342301130295,0.10245096124708652,
3,260819,mixed,MIXED,CNN_RNND,2046,0.46784887462854385,0.3578653149306774,0.10998355410993099,
3,260819,mixed,MIXED,CNN_RNND,2047,0.4723156616091728,0.3625338561832905,0.10978181473910809,
3,260819,mixed,MIXED,CNN_RNND,2048,0.45866838097572327,0.3572450652718544,0.10142332687973976,
3,260819,mixed,MIXED,CNN_RNND,2049,0.5060143545269966,0.389661505818367,0.11635285057127476,
3,260819,mixed,MIXED,CNN_RNND,2050,0.5316485986113548,0.412781935185194,0.11886665411293507,
3,260819,mixed,MIXED,CNN_RNND,2051,0.4098905771970749,0.3168257214128971,0.09306486696004868,
3,260819,mixed,MIXED,CNN_RNND,2052,0.5100328773260117,0.3946845903992653,0.11534828506410122,
3,260819,mixed,MIXED,CNN_RNND,2053,0.4086157977581024,0.3140357509255409,0.09458004124462605,
3,260819,mixed,MIXED,CNN_RNND,2054,0.3956942819058895,0.3052777722477913,0.09041651152074337,
3,260819,mixed,MIXED,CNN_RNND,2055,0.33798228204250336,0.26282626390457153,0.07515601441264153,
3,260819,mixed,MIXED,CNN_RNND,2056,0.4423229470849037,0.34229084104299545,0.10003210976719856,
3,260819,mixed,MIXED,CNN_RNND,2057,0.3530707024037838,0.27025338634848595,0.0828173253685236,
3,260819,mixed,MIXED,CNN_RNND,2058,0.5513492375612259,0.4254877492785454,0.1258614882826805,
3,260819,mixed,MIXED,CNN_RNND,2059,0.3292296826839447,0.25232017785310745,0.07690950063988566,
3,260819,mixed,MIXED,CNN_RNND,2060,0.29857587814331055,0.23578793182969093,0.06278795702382922,
3,260819,mixed,MIXED,CNN_RNND,2061,0.5047383680939674,0.3914745822548866,0.11326378583908081,
3,260819,mixed,MIXED,CNN_RNND,2062,0.2531682848930359,0.20208538882434368,0.05108289700001478,
3,260819,mixed,MIXED,CNN_RNND,2063,0.4489221051335335,0.3465011641383171,0.10242095310240984,
3,260819,mixed,MIXED,CNN_RNND,2064,0.45616835355758667,0.35075196251273155,0.10541638545691967,
3,260819,mixed,MIXED,CNN_RNND,2065,0.37130074203014374,0.2892085760831833,0.08209217060357332,
3,260819,mixed,MIXED,CNN_RNND,2066,0.48020946979522705,0.37037722766399384,0.10983223281800747,
3,260819,mixed,MIXED,CNN_RNND,2067,0.37617938965559006,0.2955646514892578,0.08061474561691284,
3,260819,mixed,MIXED,CNN_RNND,2068,0.5746610686182976,0.44928617775440216,0.12537489086389542,
3,260819,mixed,MIXED,CNN_RNND,2069,0.5523228645324707,0.4252871200442314,0.12703574635088444,
3,260819,mixed,MIXED,CNN_RNND,2070,0.3604593724012375,0.2780250050127506,0.0824343734420836,
3,260819,mixed,MIXED,CNN_RNND,2071,0.49704471975564957,0.3768918290734291,0.12015287950634956,
3,260819,mixed,MIXED,CNN_RNND,2072,0.32498031109571457,0.25938014313578606,0.06560017447918653,
3,260819,mixed,MIXED,CNN_RNND,2073,0.3077722266316414,0.241375170648098,0.06639705505222082,
3,260819,mixed,MIXED,CNN_RNND,2074,0.4499024301767349,0.3455442488193512,0.10435817576944828,
3,260819,mixed,MIXED,CNN_RNND,2075,0.348341204226017,0.26961488276720047,0.07872631959617138,
3,260819,mixed,MIXED,CNN_RNND,2076,0.5632011741399765,0.43446122854948044,0.12873993627727032,
3,260819,mixed,MIXED,CNN_RNND,2077,0.4889232162386179,0.3745817355811596,0.1143414773978293,
3,260819,mixed,MIXED,CNN_RNND,2078,0.37463586032390594,0.2964121177792549,0.07822374626994133,
3,260819,mixed,MIXED,CNN_RNND,2079,0.2955268621444702,0.23697533085942268,0.058551532216370106,
3,260819,mixed,MIXED,CNN_RNND,2080,0.299490362405777,0.23844652995467186,0.061043832916766405,
3,260819,mixed,MIXED,CNN_RNND,2081,0.47960392013192177,0.3666749335825443,0.11292898654937744,
3,260819,mixed,MIXED,CNN_RNND,2082,0.5199771374464035,0.4017859920859337,0.11819115281105042,
3,260819,mixed,MIXED,CNN_RNND,2083,0.3912666216492653,0.29892560839653015,0.09234100859612226,
3,260819,mixed,MIXED,CNN_RNND,2084,0.35022670589387417,0.27671951055526733,0.07350718835368752,
3,260819,mixed,MIXED,CNN_RNND,2085,0.4258551523089409,0.3391771111637354,0.08667805138975382,
3,260819,mixed,MIXED,CNN_RNND,2086,0.6240610331296921,0.48310573399066925,0.14095530658960342,
3,260819,mixed,MIXED,CNN_RNND,2087,0.24947616085410118,0.20077238231897354,0.048703781329095364,
3,260819,mixed,MIXED,CNN_RNND,2088,0.471178587526083,0.3675333373248577,0.10364524740725756,
3,260819,mixed,MIXED,CNN_RNND,2089,0.3257238417863846,0.26161322742700577,0.06411061715334654,
3,260819,mixed,MIXED,CNN_RNND,2090,0.26866527274250984,0.21796520799398422,0.05070006474852562,
3,260819,mixed,MIXED,CNN_RNND,2091,0.35007084906101227,0.27274224162101746,0.07732860557734966,
3,260819,mixed,MIXED,CNN_RNND,2092,0.46552859246730804,0.36087407916784286,0.10465451050549746,
3,260819,mixed,MIXED,CNN_RNND,2093,0.390784315764904,0.30433351919054985,0.08645080681890249,
3,260819,mixed,MIXED,CNN_RNND,2094,0.30118097364902496,0.23920927941799164,0.061971697956323624,
3,260819,mixed,MIXED,CNN_RNND,2095,0.44436050951480865,0.35047246515750885,0.09388804249465466,
3,260819,mixed,MIXED,CNN_RNND,2096,0.3247843012213707,0.2538549080491066,0.07092938665300608,
3,260819,mixed,MIXED,CNN_RNND,2097,0.31440550833940506,0.24666927009820938,0.0677362373098731,
3,260819,mixed,MIXED,CNN_RNND,2098,0.4744200184941292,0.37069420516490936,0.10372581146657467,
3,260819,mixed,MIXED,CNN_RNND,2099,0.471292432397604,0.36566508188843727,0.10562735516577959,
3,260819,mixed,MIXED,CNN_RNND,2100,0.36937365680933,0.2863121032714844,0.08306155726313591,
3,260819,mixed,MIXED,CNN_RNND,2101,0.38101502880454063,0.299153134226799,0.08186188573017716,
3,260819,mixed,MIXED,CNN_RNND,2102,0.3283914588391781,0.2539576143026352,0.07443384546786547,
3,260819,mixed,MIXED,CNN_RNND,2103,0.5343918651342392,0.41272886097431183,0.12166299670934677,
3,260819,mixed,MIXED,CNN_RNND,2104,0.5334125012159348,0.40630577504634857,0.12710670940577984,
3,260819,mixed,MIXED,CNN_RNND,2105,0.5461006313562393,0.42061496526002884,0.12548566982150078,
3,260819,mixed,MIXED,CNN_RNND,2106,0.4900067076086998,0.3791302852332592,0.11087643075734377,
3,260819,mixed,MIXED,CNN_RNND,2107,0.23625371232628822,0.19036521576344967,0.04588849749416113,
3,260819,mixed,MIXED,CNN_RNND,2108,0.29007721692323685,0.22815684974193573,0.06192036438733339,
3,260819,mixed,MIXED,CNN_RNND,2109,0.3882038816809654,0.30659350007772446,0.08161038253456354,
3,260819,mixed,MIXED,CNN_RNND,2110,0.43833860009908676,0.34074699878692627,0.09759160224348307,
3,260819,mixed,MIXED,CNN_RNND,2111,0.1516895741224289,0.11993966996669769,0.03174990601837635,
3,260819,mixed,MIXED,CNN_RNND,2112,0.6059546917676926,0.4752230793237686,0.13073160126805305,
3,260819,mixed,MIXED,CNN_RNND,2113,0.38316838443279266,0.30178942903876305,0.08137896098196507,
3,260819,mixed,MIXED,CNN_RNND,2114,0.40982621163129807,0.31151809729635715,0.0983081148006022,
3,260819,mixed,MIXED,CNN_RNND,2115,0.48916783183813095,0.3835306502878666,0.1056371871381998,
3,260819,mixed,MIXED,CNN_RNND,2116,0.5563674829900265,0.42976467311382294,0.12660280149430037,
3,260819,mixed,MIXED,CNN_RNND,2117,0.3517331965267658,0.27456097677350044,0.07717223092913628,
3,260819,mixed,MIXED,CNN_RNND,2118,0.4895651787519455,0.37689855694770813,0.11266662180423737,
3,260819,mixed,MIXED,CNN_RNND,2119,0.3515510708093643,0.2767532914876938,0.07479778118431568,
3,260819,mixed,MIXED,CNN_RNND,2120,0.580460824072361,0.44988779723644257,0.13057303614914417,
3,260819,mixed,MIXED,CNN_RNND,2121,0.4282233528792858,0.3270524702966213,0.10117089282721281,
3,260819,mixed,MIXED,CNN_RNND,2122,0.35995281115174294,0.28227950632572174,0.07767330389469862,
3,260819,mixed,MIXED,CNN_RNND,2123,0.6993517428636551,0.534252904355526,0.16509883105754852,
3,260819,mixed,MIXED,CNN_RNND,2124,0.4180484972894192,0.32726290076971054,0.09078559838235378,
3,260819,mixed,MIXED,CNN_RNND,2125,0.3986160010099411,0.3081689290702343,0.09044708590954542,
3,260819,mixed,MIXED,CNN_RNND,2126,0.3521367646753788,0.2777994070202112,0.07433735998347402,
3,260819,mixed,MIXED,CNN_RNND,2127,0.2607818990945816,0.2089509293437004,0.05183096416294575,
3,260819,mixed,MIXED,CNN_RNND,2128,0.4992973655462265,0.38860248774290085,0.1106948796659708,
3,260819,mixed,MIXED,CNN_RNND,2129,0.427981611341238,0.33269689977169037,0.09528471529483795,
3,260819,mixed,MIXED,CNN_RNND,2130,0.37959742173552513,0.2965615801513195,0.08303583599627018,
3,260819,mixed,MIXED,CNN_RNND,2131,0.5944282785058022,0.4620412215590477,0.13238706812262535,
3,260819,mixed,MIXED,CNN_RNND,2132,0.23327945172786713,0.18980217538774014,0.043477277271449566,
3,260819,mixed,MIXED,CNN_RNND,2133,0.32272427529096603,0.2548947334289551,0.06782953813672066,
3,260819,mixed,MIXED,CNN_RNND,2134,0.4569508284330368,0.3502887636423111,0.10666205920279026,
3,260819,mixed,MIXED,CNN_RNND,2135,0.42516718059778214,0.3331156075000763,0.09205157309770584,
3,260819,mixed,MIXED,CNN_RNND,2136,0.34596056304872036,0.2739267088472843,0.0720338523387909,
3,260819,mixed,MIXED,CNN_RNND,2137,0.5093291029334068,0.3922562822699547,0.1170728299766779,
3,260819,mixed,MIXED,CNN_RNND,2138,0.39751550182700157,0.30626417323946953,0.09125133324414492,
3,260819,mixed,MIXED,CNN_RNND,2139,0.4178575798869133,0.32241635769605637,0.09544121334329247,
3,260819,mixed,MIXED,CNN_RNND,2140,0.45984581857919693,0.3532000854611397,0.1066457349807024,
3,260819,mixed,MIXED,CNN_RNND,2141,0.36204979568719864,0.2808021381497383,0.08124765288084745,
3,260819,mixed,MIXED,CNN_RNND,2142,0.5368727892637253,0.4228798523545265,0.1139929536730051,
3,260819,mixed,MIXED,CNN_RNND,2143,0.4061887487769127,0.3149587847292423,0.09122996218502522,
3,260819,mixed,MIXED,CNN_RNND,2144,0.3009386733174324,0.23806953243911266,0.0628691497258842,
3,260819,mixed,MIXED,CNN_RNND,2145,0.46345142275094986,0.3573633134365082,0.10608810372650623,
3,260819,mixed,MIXED,CNN_RNND,2146,0.48122356086969376,0.36730098351836205,0.11392258200794458,
3,260819,mixed,MIXED,CNN_RNND,2147,0.43054792284965515,0.3398861065506935,0.09066182002425194,
3,260819,mixed,MIXED,CNN_RNND,2148,0.3079979680478573,0.24258766323328018,0.0654103122651577,
3,260819,mixed,MIXED,CNN_RNND,2149,0.5364830493927002,0.41514333337545395,0.12133971601724625,
3,260819,mixed,MIXED,CNN_RNND,2150,0.4463348872959614,0.3484460934996605,0.0978887788951397,
3,260819,mixed,MIXED,CNN_RNND,2151,0.37857290357351303,0.29577551037073135,0.08279738761484623,
3,260819,mixed,MIXED,CNN_RNND,2152,0.6115405559539795,0.4715655744075775,0.13997497782111168,
3,260819,mixed,MIXED,CNN_RNND,2153,0.2711205221712589,0.21769270673394203,0.05342781823128462,
3,260819,mixed,MIXED,CNN_RNND,2154,0.44940363615751266,0.3491041213274002,0.1002995241433382,
3,260819,mixed,MIXED,CNN_RNND,2155,0.5278369709849358,0.4119919314980507,0.11584503762423992,
3,260819,mixed,MIXED,CNN_RNND,2156,0.41257112473249435,0.3236541971564293,0.08891692943871021,
3,260819,mixed,MIXED,CNN_RNND,2157,0.4434341713786125,0.34220632910728455,0.10122783295810223,
3,260819,mixed,MIXED,CNN_RNND,2158,0.4860738515853882,0.3773895278573036,0.10868432000279427,
3,260819,mixed,MIXED,CNN_RNND,2159,0.49213840812444687,0.3822215870022774,0.1099168136715889,
3,260819,mixed,MIXED,CNN_RNND,2160,0.3587201498448849,0.283038891851902,0.07568126311525702,
3,260819,mixed,MIXED,CNN_RNND,2161,0.3758663162589073,0.301316000521183,0.07455031294375658,
3,260819,mixed,MIXED,CNN_RNND,2162,0.5276266410946846,0.41689348220825195,0.11073315050452948,
3,260819,mixed,MIXED,CNN_RNND,2163,0.3785424754023552,0.30205558240413666,0.07648689858615398,
3,260819,mixed,MIXED,CNN_RNND,2164,0.5224004611372948,0.4119745045900345,0.11042596213519573,
3,260819,mixed,MIXED,CNN_RNND,2165,0.53563192486763,0.4128184914588928,0.12281343713402748,
3,260819,mixed,MIXED,CNN_RNND,2166,0.37948446720838547,0.3055303916335106,0.07395406905561686,
3,260819,mixed,MIXED,CNN_RNND,2167,0.5159279927611351,0.40063804760575294,0.11528993211686611,
3,260819,mixed,MIXED,CNN_RNND,2168,0.3505667969584465,0.2704821154475212,0.08008467592298985,
3,260819,mixed,MIXED,CNN_RNND,2169,0.36749568581581116,0.287271223962307,0.08022445812821388,
3,260819,mixed,MIXED,CNN_RNND,2170,0.4342030882835388,0.3403083011507988,0.09389478527009487,
3,260819,mixed,MIXED,CNN_RNND,2171,0.5218645185232162,0.40504785627126694,0.11681667529046535,
3,260819,mixed,MIXED,CNN_RNND,2172,0.35254156589508057,0.27474647387862206,0.0777950999327004,
3,260819,mixed,MIXED,CNN_RNND,2173,0.40115821175277233,0.31160813197493553,0.0895500760525465,
3,260819,mixed,MIXED,CNN_RNND,2174,0.39257129840552807,0.30602847039699554,0.08654282917268574,
3,260819,mixed,MIXED,CNN_RNND,2175,0.5123258903622627,0.3994215950369835,0.11290430370718241,
3,260819,mixed,MIXED,CNN_RNND,2176,0.5053225159645081,0.3869958221912384,0.11832667980343103,
3,260819,mixed,MIXED,CNN_RNND,2177,0.4744005650281906,0.36401212587952614,0.11038844753056765,
3,260819,mixed,MIXED,CNN_RNND,2178,0.5442819967865944,0.42638660222291946,0.11789540015161037,
3,260819,mixed,MIXED,CNN_RNND,2179,0.3444577157497406,0.2749553695321083,0.06950234994292259,
3,260819,mixed,MIXED,CNN_RNND,2180,0.5976553708314896,0.46446771174669266,0.1331876553595066,
3,260819,mixed,MIXED,CNN_RNND,2181,0.4428648576140404,0.3442503362894058,0.09861451666802168,
3,260819,mixed,MIXED,CNN_RNND,2182,0.48061127215623856,0.3692520931363106,0.11135917901992798,
3,260819,mixed,MIXED,CNN_RNND,2183,0.5633544772863388,0.43349913507699966,0.1298553515225649,
3,260819,mixed,MIXED,CNN_RNND,2184,0.3650856427848339,0.28245918825268745,0.08262644056230783,
3,260819,mixed,MIXED,CNN_RNND,2185,0.5281049013137817,0.40274234116077423,0.1253625825047493,
3,260819,mixed,MIXED,CNN_RNND,2186,0.31886157393455505,0.2540558762848377,0.06480570323765278,
3,260819,mixed,MIXED,CNN_RNND,2187,0.43214506283402443,0.3363078124821186,0.095837261993438,
3,260819,mixed,MIXED,CNN_RNND,2188,0.7906518280506134,0.6137508302927017,0.17690099775791168,
3,260819,mixed,MIXED,CNN_RNND,2189,0.40810777246952057,0.32141729444265366,0.08669047523289919,
3,260819,mixed,MIXED,CNN_RNND,2190,0.5017586275935173,0.3950153514742851,0.10674328170716763,
3,260819,mixed,MIXED,CNN_RNND,2191,0.4165998585522175,0.32057710736989975,0.0960227558389306,
3,260819,mixed,MIXED,CNN_RNND,2192,0.22840779647231102,0.18592900410294533,0.04247879469767213,
3,260819,mixed,MIXED,CNN_RNND,2193,0.4154861159622669,0.3311937116086483,0.08429239969700575,
3,260819,mixed,MIXED,CNN_RNND,2194,0.3715379014611244,0.2912055291235447,0.08033236395567656,
3,260819,mixed,MIXED,CNN_RNND,2195,0.3299967013299465,0.25977545604109764,0.07022125460207462,
3,260819,mixed,MIXED,CNN_RNND,2196,0.432908795773983,0.3407248929142952,0.0921839140355587,
3,260819,mixed,MIXED,CNN_RNND,2197,0.35659267008304596,0.27772681042551994,0.07886585965752602,
3,260819,mixed,MIXED,CNN_RNND,2198,0.33983632922172546,0.2696572244167328,0.07017910573631525,
3,260819,mixed,MIXED,CNN_RNND,2199,0.5678027495741844,0.44477804750204086,0.12302469648420811,
3,260819,mixed,MIXED,CNN_RNND,2200,0.2125549055635929,0.1745468880981207,0.03800801979377866,-0.9527339335826841
3,260819,mixed,MIXED,CNN_RNND,2201,0.5203101076185703,0.40685636550188065,0.11345373094081879,
3,260819,mixed,MIXED,CNN_RNND,2202,0.2876993753015995,0.22682766616344452,0.06087170680984855,
3,260819,mixed,MIXED,CNN_RNND,2203,0.5043511837720871,0.39784374833106995,0.10650744289159775,
3,260819,mixed,MIXED,CNN_RNND,2204,0.31787773221731186,0.25254660844802856,0.06533112842589617,
3,260819,mixed,MIXED,CNN_RNND,2205,0.46490946412086487,0.3680628053843975,0.09684665827080607,
3,260819,mixed,MIXED,CNN_RNND,2206,0.3864743486046791,0.30356888100504875,0.0829054694622755,
3,260819,mixed,MIXED,CNN_RNND,2207,0.5087705999612808,0.3969385623931885,0.11183203011751175,
3,260819,mixed,MIXED,CNN_RNND,2208,0.33469390124082565,0.2619340196251869,0.07275986857712269,
3,260819,mixed,MIXED,CNN_RNND,2209,0.2715481389313936,0.21738346479833126,0.05416467832401395,
3,260819,mixed,MIXED,CNN_RNND,2210,0.4013954997062683,0.315410528331995,0.08598497230559587,
3,260819,mixed,MIXED,CNN_RNND,2211,0.5826056003570557,0.44603367894887924,0.13657190464437008,
3,260819,mixed,MIXED,CNN_RNND,2212,0.38022131472826004,0.30228106677532196,0.07794025167822838,
3,260819,mixed,MIXED,CNN_RNND,2213,0.41265905648469925,0.32317449152469635,0.0894845761358738,
3,260819,mixed,MIXED,CNN_RNND,2214,0.5312345176935196,0.41508936882019043,0.11614515632390976,
3,260819,mixed,MIXED,CNN_RNND,2215,0.3162576872855425,0.24383393302559853,0.07242375472560525,
3,260819,mixed,MIXED,CNN_RNND,2216,0.511934632435441,0.4039826076477766,0.10795201361179352,
3,260819,mixed,MIXED,CNN_RNND,2217,0.5759758874773979,0.45268330723047256,0.12329257093369961,
3,260819,mixed,MIXED,CNN_RNND,2218,0.6300817877054214,0.4931976944208145,0.13688409142196178,
3,260819,mixed,MIXED,CNN_RNND,2219,0.4918200224637985,0.38896264880895615,0.10285737179219723,
3,260819,mixed,MIXED,CNN_RNND,2220,0.4447854310274124,0.3405916392803192,0.10419379360973835,
3,260819,mixed,MIXED,CNN_RNND,2221,0.5114273875951767,0.3965667560696602,0.11486063711345196,
3,260819,mixed,MIXED,CNN_RNND,2222,0.38713550567626953,0.30896420404314995,0.07817130722105503,
3,260819,mixed,MIXED,CNN_RNND,2223,0.3194352798163891,0.2555825971066952,0.06385269109159708,
3,260819,mixed,MIXED,CNN_RNND,2224,0.3740096651017666,0.2943035289645195,0.07970614172518253,
3,260819,mixed,MIXED,CNN_RNND,2225,0.4672248139977455,0.3659001663327217,0.10132466023787856,
3,260819,mixed,MIXED,CNN_RNND,2226,0.31511998176574707,0.24911944568157196,0.06600054120644927,
3,260819,mixed,MIXED,CNN_RNND,2227,0.4063859134912491,0.3152591809630394,0.09112674370408058,
3,260819,mixed,MIXED,CNN_RNND,2228,0.3995472937822342,0.31298649683594704,0.08656079135835171,
3,260819,mixed,MIXED,CNN_RNND,2229,0.40908969566226006,0.32944123446941376,0.07964846072718501,
3,260819,mixed,MIXED,CNN_RNND,2230,0.4269833341240883,0.33341554552316666,0.09356778580695391,
3,260819,mixed,MIXED,CNN_RNND,2231,0.34264226257801056,0.27431874349713326,0.06832352094352245,
3,260819,mixed,MIXED,CNN_RNND,2232,0.42540630511939526,0.33782936073839664,0.0875769357662648,
3,260819,mixed,MIXED,CNN_RNND,2233,0.6698727309703827,0.5103478729724884,0.15952486917376518,
3,260819,mixed,MIXED,CNN_RNND,2234,0.3642312064766884,0.2914217486977577,0.07280946336686611,
3,260819,mixed,MIXED,CNN_RNND,2235,0.3932678923010826,0.3113471418619156,0.08192075323313475,
3,260819,mixed,MIXED,CNN_RNND,2236,0.19198370911180973,0.157614316791296,0.03436939208768308,
3,260819,mixed,MIXED,CNN_RNND,2237,0.4046633690595627,0.32368728518486023,0.08097608108073473,
3,260819,mixed,MIXED,CNN_RNND,2238,0.3419654741883278,0.2725720927119255,0.06939338147640228,
3,260819,mixed,MIXED,CNN_RNND,2239,0.4181632734835148,0.33070433512330055,0.08745895233005285,
3,260819,mixed,MIXED,CNN_RNND,2240,0.40680646523833275,0.31964516267180443,0.08716129884123802,
3,260819,mixed,MIXED,CNN_RNND,2241,0.3538753464818001,0.2896723300218582,0.06420300807803869,
3,260819,mixed,MIXED,CNN_RNND,2242,0.4371369816362858,0.3456982374191284,0.09143874887377024,
3,260819,mixed,MIXED,CNN_RNND,2243,0.41823337972164154,0.3373706638813019,0.08086272422224283,
3,260819,mixed,MIXED,CNN_RNND,2244,0.4251113459467888,0.34018800407648087,0.08492332976311445,
3,260819,mixed,MIXED,CNN_RNND,2245,0.32202476263046265,0.25202205404639244,0.0700027160346508,
3,260819,mixed,MIXED,CNN_RNND,2246,0.3459496535360813,0.2783270999789238,0.06762255076318979,
3,260819,mixed,MIXED,CNN_RNND,2247,0.5559891611337662,0.42741066217422485,0.12857849150896072,
3,260819,mixed,MIXED,CNN_RNND,2248,0.5101919732987881,0.40184223279356956,0.10834973771125078,
3,260819,mixed,MIXED,CNN_RNND,2249,0.49346063286066055,0.3888663277029991,0.10459429398179054,
3,260819,mixed,MIXED,CNN_RNND,2250,0.3125819079577923,0.25162787921726704,0.06095402501523495,
3,260819,mixed,MIXED,CNN_RNND,2251,0.455386146903038,0.3508811444044113,0.1045050136744976,
3,260819,mixed,MIXED,CNN_RNND,2252,0.3962763547897339,0.31615960970520973,0.08011674974113703,
3,260819,mixed,MIXED,CNN_RNND,2253,0.6192512959241867,0.48701050132513046,0.1322408001869917,
3,260819,mixed,MIXED,CNN_RNND,2254,0.38566945865750313,0.30716350860893726,0.07850594352930784,
3,260819,mixed,MIXED,CNN_RNND,2255,0.3386760503053665,0.2718821372836828,0.06679391115903854,
3,260819,mixed,MIXED,CNN_RNND,2256,0.3309798166155815,0.26311294734477997,0.0678668599575758,
3,260819,mixed,MIXED,CNN_RNND,2257,0.4545261561870575,0.35207850486040115,0.10244764387607574,
3,260819,mixed,MIXED,CNN_RNND,2258,0.32190150767564774,0.2536609601229429,0.06824054662138224,
3,260819,mixed,MIXED,CNN_RNND,2259,0.4195409379899502,0.32709936052560806,0.09244158025830984,
3,260819,mixed,MIXED,CNN_RNND,2260,0.26366773154586554,0.21375938411802053,0.049908360466361046,
3,260819,mixed,MIXED,CNN_RNND,2261,0.3217054642736912,0.2604982312768698,0.0612072367221117,
3,260819,mixed,MIXED,CNN_RNND,2262,0.4346182197332382,0.34428776055574417,0.09033045917749405,
3,260819,mixed,MIXED,CNN_RNND,2263,0.4800865575671196,0.37628695368766785,0.10379960387945175,
3,260819,mixed,MIXED,CNN_RNND,2264,0.36019687354564667,0.2868075128644705,0.07338936161249876,
3,260819,mixed,MIXED,CNN_RNND,2265,0.5362258516252041,0.4187276568263769,0.11749817640520632,
3,260819,mixed,MIXED,CNN_RNND,2266,0.5155050680041313,0.406217560172081,0.10928751714527607,
3,260819,mixed,MIXED,CNN_RNND,2267,0.419793464243412,0.3277209997177124,0.09207247942686081,
3,260819,mixed,MIXED,CNN_RNND,2268,0.2937094047665596,0.229382436722517,0.06432696664705873,
3,260819,mixed,MIXED,CNN_RNND,2269,0.32104671001434326,0.2509273625910282,0.0701193530112505,
3,260819,mixed,MIXED,CNN_RNND,2270,0.422995924949646,0.32870443910360336,0.09429147467017174,
3,260819,mixed,MIXED,CNN_RNND,2271,0.49107422679662704,0.3730384111404419,0.11803581379354,
3,260819,mixed,MIXED,CNN_RNND,2272,0.45549774542450905,0.353557450696826,0.1019403045065701,
3,260819,mixed,MIXED,CNN_RNND,2273,0.5185964182019234,0.403451070189476,0.11514534242451191,
3,260819,mixed,MIXED,CNN_RNND,2274,0.42365361005067825,0.3365362696349621,0.08711733110249043,
3,260819,mixed,MIXED,CNN_RNND,2275,0.3854439780116081,0.30286257341504097,0.0825814064592123,
3,260819,mixed,MIXED,CNN_RNND,2276,0.31299981474876404,0.25449853762984276,0.058501279912889004,
3,260819,mixed,MIXED,CNN_RNND,2277,0.6640392765402794,0.514585942029953,0.14945333451032639,
3,260819,mixed,MIXED,CNN_RNND,2278,0.35358086973428726,0.28133153915405273,0.0722493315115571,
3,260819,mixed,MIXED,CNN_RNND,2279,0.38762837275862694,0.30760131776332855,0.08002706151455641,
3,260819,mixed,MIXED,CNN_RNND,2280,0.5205783769488335,0.4132511615753174,0.10732721351087093,
3,260819,mixed,MIXED,CNN_RNND,2281,0.3108467496931553,0.25123534724116325,0.05961139779537916,
3,260819,mixed,MIXED,CNN_RNND,2282,0.37154562771320343,0.2902696691453457,0.0812759567052126,
3,260819,mixed,MIXED,CNN_RNND,2283,0.26746631413698196,0.21027075499296188,0.057195558212697506,
3,260819,mixed,MIXED,CNN_RNND,2284,0.49052736163139343,0.38004783913493156,0.11047951504588127,
3,260819,mixed,MIXED,CNN_RNND,2285,0.5522076785564423,0.42114050686359406,0.1310671754181385,
3,260819,mixed,MIXED,CNN_RNND,2286,0.5127007849514484,0.39964836463332176,0.11305241740774363,
3,260819,mixed,MIXED,CNN_RNND,2287,0.6333541423082352,0.485482357442379,0.14787177555263042,
3,260819,mixed,MIXED,CNN_RNND,2288,0.22866235673427582,0.1894151046872139,0.03924725414253771,
3,260819,mixed,MIXED,CNN_RNND,2289,0.41844864934682846,0.32693803310394287,0.09151061251759529,
3,260819,mixed,MIXED,CNN_RNND,2290,0.36391976475715637,0.2925692982971668,0.071350472047925,
3,260819,mixed,MIXED,CNN_RNND,2291,0.4380922354757786,0.3478536754846573,0.09023854695260525,
3,260819,mixed,MIXED,CNN_RNND,2292,0.3553614169359207,0.27932077646255493,0.07604063861072063,
3,260819,mixed,MIXED,CNN_RNND,2293,0.4472529664635658,0.3521111309528351,0.09514184296131134,
3,260819,mixed,MIXED,CNN_RNND,2294,0.27196749672293663,0.21531768329441547,0.05664981249719858,
3,260819,mixed,MIXED,CNN_RNND,2295,0.5575068444013596,0.42815153300762177,0.1293552927672863,
3,260819,mixed,MIXED,CNN_RNND,2296,0.43292710185050964,0.3449934646487236,0.0879336316138506,
3,260819,mixed,MIXED,CNN_RNND,2297,0.519620880484581,0.41028326749801636,0.10933761484920979,
3,260819,mixed,MIXED,CNN_RNND,2298,0.41634225100278854,0.32483502104878426,0.09150721225887537,
3,260819,mixed,MIXED,CNN_RNND,2299,0.41300828382372856,0.3229839578270912,0.09002432273700833,
3,260819,mixed,MIXED,CNN_RNND,2300,0.4329060837626457,0.3438228592276573,0.089083231985569,
3,260819,mixed,MIXED,CNN_RNND,2301,0.4592047557234764,0.3633076958358288,0.09589705616235733,
3,260819,mixed,MIXED,CNN_RNND,2302,0.4451998397707939,0.34480055421590805,0.10039929859340191,
3,260819,mixed,MIXED,CNN_RNND,2303,0.3755706436932087,0.3025093115866184,0.0730613311752677,
3,260819,mixed,MIXED,CNN_RNND,2304,0.42611610889434814,0.33361885882914066,0.09249725355766714,
3,260819,mixed,MIXED,CNN_RNND,2305,0.35972585529088974,0.2853531092405319,0.07437274185940623,
3,260819,mixed,MIXED,CNN_RNND,2306,0.662617415189743,0.5172575861215591,0.1453598253428936,
3,260819,mixed,MIXED,CNN_RNND,2307,0.33438442647457123,0.2673502191901207,0.0670342119410634,
3,260819,mixed,MIXED,CNN_RNND,2308,0.5435517057776451,0.4227842316031456,0.12076747789978981,
3,260819,mixed,MIXED,CNN_RNND,2309,0.4613208435475826,0.35560417547822,0.1057166657410562,
3,260819,mixed,MIXED,CNN_RNND,2310,0.3593323417007923,0.28938034176826477,0.06995199993252754,
3,260819,mixed,MIXED,CNN_RNND,2311,0.5876496285200119,0.4567829668521881,0.1308666691184044,
3,260819,mixed,MIXED,CNN_RNND,2312,0.4246796742081642,0.3344151973724365,0.09026447404175997,
3,260819,mixed,MIXED,CNN_RNND,2313,0.43621259182691574,0.3423445597290993,0.09386803209781647,
3,260819,mixed,MIXED,CNN_RNND,2314,0.19716447591781616,0.15986785665154457,0.03729661926627159,
3,260819,mixed,MIXED,CNN_RNND,2315,0.3649195358157158,0.2910563684999943,0.07386316359043121,
3,260819,mixed,MIXED,CNN_RNND,2316,0.3782508820295334,0.30199379473924637,0.0762570844963193,
3,260819,mixed,MIXED,CNN_RNND,2317,0.43812528252601624,0.34005795791745186,0.09806733950972557,
3,260819,mixed,MIXED,CNN_RNND,2318,0.4980909079313278,0.3953661546111107,0.10272474773228168,
3,260819,mixed,MIXED,CNN_RNND,2319,0.31658870726823807,0.258284293115139,0.05830441601574421,
3,260819,mixed,MIXED,CNN_RNND,2320,0.3032749518752098,0.24008642509579659,0.06318852957338095,
3,260819,mixed,MIXED,CNN_RNND,2321,0.30219801142811775,0.24372270703315735,0.058475312776863575,
3,260819,mixed,MIXED,CNN_RNND,2322,0.27419123239815235,0.22809236869215965,0.04609886882826686,
3,260819,mixed,MIXED,CNN_RNND,2323,0.46138160675764084,0.3616253510117531,0.09975625202059746,
3,260819,mixed,MIXED,CNN_RNND,2324,0.5324314311146736,0.4208610914647579,0.11157034058123827,
3,260819,mixed,MIXED,CNN_RNND,2325,0.27302030101418495,0.2197594717144966,0.05326083395630121,
3,260819,mixed,MIXED,CNN_RNND,2326,0.40559373423457146,0.3225969523191452,0.08299677912145853,
3,260819,mixed,MIXED,CNN_RNND,2327,0.5923585146665573,0.4621550142765045,0.13020349480211735,
3,260819,mixed,MIXED,CNN_RNND,2328,0.3758852705359459,0.29239005967974663,0.08349520806223154,
3,260819,mixed,MIXED,CNN_RNND,2329,0.43654874712228775,0.33948397263884544,0.09706477634608746,
3,260819,mixed,MIXED,CNN_RNND,2330,0.6263463944196701,0.4885122627019882,0.13783413544297218,
3,260819,mixed,MIXED,CNN_RNND,2331,0.38270188868045807,0.30528122186660767,0.07742066588252783,
3,260819,mixed,MIXED,CNN_RNND,2332,0.4123733267188072,0.3296150527894497,0.08275826927274466,
3,260819,mixed,MIXED,CNN_RNND,2333,0.41205573081970215,0.3245137184858322,0.08754201047122478,
3,260819,mixed,MIXED,CNN_RNND,2334,0.34924236685037613,0.2833845354616642,0.06585782952606678,
3,260819,mixed,MIXED,CNN_RNND,2335,0.41768018901348114,0.32934746891260147,0.08833271078765392,
3,260819,mixed,MIXED,CNN_RNND,2336,0.43488436937332153,0.3447893913835287,0.09009497635997832,
3,260819,mixed,MIXED,CNN_RNND,2337,0.49564823508262634,0.3909604400396347,0.1046877782791853,
3,260819,mixed,MIXED,CNN_RNND,2338,0.4264073856174946,0.331939198076725,0.09446818986907601,
3,260819,mixed,MIXED,CNN_RNND,2339,0.29613049887120724,0.241879440844059,0.054251058492809534,
3,260819,mixed,MIXED,CNN_RNND,2340,0.3322449140250683,0.26030321419239044,0.07194169564172626,
3,260819,mixed,MIXED,CNN_RNND,2341,0.4311024025082588,0.3473176136612892,0.08378478698432446,
3,260819,mixed,MIXED,CNN_RNND,2342,0.3176064044237137,0.25663040578365326,0.060975996777415276,
3,260819,mixed,MIXED,CNN_RNND,2343,0.32964479736983776,0.26591987535357475,0.06372492155060172,
3,260819,mixed,MIXED,CNN_RNND,2344,0.49270758032798767,0.38602307438850403,0.10668451152741909,
3,260819,mixed,MIXED,CNN_RNND,2345,0.439930260181427,0.3460305854678154,0.09389967285096645,
3,260819,mixed,MIXED,CNN_RNND,2346,0.3843443989753723,0.3059986084699631,0.07834580261260271,
3,260819,mixed,MIXED,CNN_RNND,2347,0.3901151493191719,0.3109096437692642,0.07920550554990768,
3,260819,mixed,MIXED,CNN_RNND,2348,0.5474659949541092,0.43244917690753937,0.11501682363450527,
3,260819,mixed,MIXED,CNN_RNND,2349,0.539121612906456,0.42661041766405106,0.11251119151711464,
3,260819,mixed,MIXED,CNN_RNND,2350,0.46125539392232895,0.3618849776685238,0.09937041066586971,
3,260819,mixed,MIXED,CNN_RNND,2351,0.39706702157855034,0.3175855316221714,0.07948149461299181,
3,260819,mixed,MIXED,CNN_RNND,2352,0.42772750556468964,0.33836400508880615,0.08936349675059319,
3,260819,mixed,MIXED,CNN_RNND,2353,0.3629552125930786,0.29246237128973007,0.07049283292144537,
3,260819,mixed,MIXED,CNN_RNND,2354,0.4271801561117172,0.33832240104675293,0.08885775320231915,
3,260819,mixed,MIXED,CNN_RNND,2355,0.42887409403920174,0.33066950738430023,0.09820458106696606,
3,260819,mixed,MIXED,CNN_RNND,2356,0.6557695418596268,0.5086147487163544,0.147154800593853,
3,260819,mixed,MIXED,CNN_RNND,2357,0.5703831017017365,0.44143685698509216,0.128946240991354,
3,260819,mixed,MIXED,CNN_RNND,2358,0.24717512913048267,0.20439273491501808,0.04278239095583558,
3,260819,mixed,MIXED,CNN_RNND,2359,0.4091842398047447,0.32588695734739304,0.0832972889766097,
3,260819,mixed,MIXED,CNN_RNND,2360,0.40194595605134964,0.3200414404273033,0.08190451469272375,
3,260819,mixed,MIXED,CNN_RNND,2361,0.3239746056497097,0.26227996684610844,0.06169464089907706,
3,260819,mixed,MIXED,CNN_RNND,2362,0.3432571366429329,0.2773393653333187,0.06591777829453349,
3,260819,mixed,MIXED,CNN_RNND,2363,0.5808497909456491,0.44807737320661545,0.1327724065631628,
3,260819,mixed,MIXED,CNN_RNND,2364,0.43965616449713707,0.35359635576605797,0.08605981571599841,
3,260819,mixed,MIXED,CNN_RNND,2365,0.6123789697885513,0.47527267038822174,0.13710630126297474,
3,260819,mixed,MIXED,CNN_RNND,2366,0.2439720556139946,0.20286805368959904,0.0411040058825165,
3,260819,mixed,MIXED,CNN_RNND,2367,0.3715541251003742,0.29252615571022034,0.07902797497808933,
3,260819,mixed,MIXED,CNN_RNND,2368,0.39922257885336876,0.3121434263885021,0.08707915619015694,
3,260819,mixed,MIXED,CNN_RNND,2369,0.3000458814203739,0.23932640999555588,0.06071947515010834,
3,260819,mixed,MIXED,CNN_RNND,2370,0.3283747285604477,0.2612982206046581,0.06707650981843472,
3,260819,mixed,MIXED,CNN_RNND,2371,0.1636087615042925,0.13644609600305557,0.027162667829543352,
3,260819,mixed,MIXED,CNN_RNND,2372,0.30292581021785736,0.2446770928800106,0.058248719200491905,
3,260819,mixed,MIXED,CNN_RNND,2373,0.4087652415037155,0.3237037770450115,0.08506145933642983,
3,260819,mixed,MIXED,CNN_RNND,2374,0.37272733822464943,0.2932954393327236,0.07943190075457096,
3,260819,mixed,MIXED,CNN_RNND,2375,0.495174128562212,0.3894368093460798,0.10573731805197895,
3,260819,mixed,MIXED,CNN_RNND,2376,0.32231603004038334,0.2596029434353113,0.06271308637224138,
3,260819,mixed,MIXED,CNN_RNND,2377,0.2621052414178848,0.2157435417175293,0.04636169783771038,
3,260819,mixed,MIXED,CNN_RNND,2378,0.47233887016773224,0.3668236806988716,0.10551518853753805,
3,260819,mixed,MIXED,CNN_RNND,2379,0.38046231120824814,0.2987009137868881,0.08176139742136002,
3,260819,mixed,MIXED,CNN_RNND,2380,0.34582293033599854,0.27172841876745224,0.0740945041179657,
3,260819,mixed,MIXED,CNN_RNND,2381,0.3940908722579479,0.3107854574918747,0.08330540522001684,
3,260819,mixed,MIXED,CNN_RNND,2382,0.476487472653389,0.3772471100091934,0.09924036636948586,
3,260819,mixed,MIXED,CNN_RNND,2383,0.5828504115343094,0.448304682970047,0.1345457211136818,
3,260819,mixed,MIXED,CNN_RNND,2384,0.38382891938090324,0.2998106814920902,0.0840182388201356,
3,260819,mixed,MIXED,CNN_RNND,2385,0.4622035622596741,0.36182623356580734,0.10037733055651188,
3,260819,mixed,MIXED,CNN_RNND,2386,0.4394787922501564,0.34514378383755684,0.09433499723672867,
3,260819,mixed,MIXED,CNN_RNND,2387,0.3482062816619873,0.27768492326140404,0.07052136538550258,
3,260819,mixed,MIXED,CNN_RNND,2388,0.21372735872864723,0.17503711953759193,0.03869023732841015,
3,260819,mixed,MIXED,CNN_RNND,2389,0.44376180320978165,0.35113638639450073,0.09262541122734547,
3,260819,mixed,MIXED,CNN_RNND,2390,0.3957523349672556,0.3150556795299053,0.08069664763752371,
3,260819,mixed,MIXED,CNN_RNND,2391,0.4351373016834259,0.33776271529495716,0.09737458173185587,
3,260819,mixed,MIXED,CNN_RNND,2392,0.4185084141790867,0.32859616726636887,0.08991223946213722,
3,260819,mixed,MIXED,CNN_RNND,2393,0.4114536978304386,0.318580724298954,0.09287298819981515,
3,260819,mixed,MIXED,CNN_RNND,2394,0.5492995344102383,0.43051568418741226,0.11878384556621313,
3,260819,mixed,MIXED,CNN_RNND,2395,0.37577034905552864,0.30608756467700005,0.06968278158456087,
3,260819,mixed,MIXED,CNN_RNND,2396,0.37324005365371704,0.3021039627492428,0.07113608252257109,
3,260819,mixed,MIXED,CNN_RNND,2397,0.43399329483509064,0.34403233230113983,0.08996097091585398,
3,260819,mixed,MIXED,CNN_RNND,2398,0.4713969752192497,0.3702220991253853,0.10117488540709019,
3,260819,mixed,MIXED,CNN_RNND,2399,0.2061627060174942,0.17751377820968628,0.02864893013611436,
3,260819,mixed,MIXED,CNN_RNND,2400,0.29831981100142,0.2443702034652233,0.05394960637204349,-0.978737356635252
3,260819,mixed,MIXED,CNN_RNND,2401,0.4245859980583191,0.33487085439264774,0.08971514948643744,
3,260819,mixed,MIXED,CNN_RNND,2402,0.35935794934630394,0.28566206619143486,0.07369588478468359,
3,260819,mixed,MIXED,CNN_RNND,2403,0.23848845437169075,0.19729772582650185,0.0411907322704792,
3,260819,mixed,MIXED,CNN_RNND,2404,0.3409205414354801,0.2687602434307337,0.07216029427945614,
3,260819,mixed,MIXED,CNN_RNND,2405,0.3934069611132145,0.3080737516283989,0.08533321041613817,
3,260819,mixed,MIXED,CNN_RNND,2406,0.47403082251548767,0.3713848143815994,0.1026459876447916,
3,260819,mixed,MIXED,CNN_RNND,2407,0.4238479696214199,0.3292224742472172,0.09462549444288015,
3,260819,mixed,MIXED,CNN_RNND,2408,0.3586813919246197,0.28620849177241325,0.072472901083529,
3,260819,mixed,MIXED,CNN_RNND,2409,0.3345244899392128,0.27129651606082916,0.06322798226028681,
3,260819,mixed,MIXED,CNN_RNND,2410,0.37086285278201103,0.2968503497540951,0.07401250302791595,
3,260819,mixed,MIXED,CNN_RNND,2411,0.4481177479028702,0.35467276722192764,0.09344498603604734,
3,260819,mixed,MIXED,CNN_RNND,2412,0.48881006240844727,0.37954631447792053,0.10926374141126871,
3,260819,mixed,MIXED,CNN_RNND,2413,0.43860916793346405,0.3408614881336689,0.09774768352508545,
3,260819,mixed,MIXED,CNN_RNND,2414,0.4387568160891533,0.34425535053014755,0.09450146183371544,
3,260819,mixed,MIXED,CNN_RNND,2415,0.47586699575185776,0.3764646202325821,0.09940238110721111,
3,260819,mixed,MIXED,CNN_RNND,2416,0.4242957755923271,0.3345584198832512,0.08973736874759197,
3,260819,mixed,MIXED,CNN_RNND,2417,0.37156376987695694,0.29810382053256035,0.07345995027571917,
3,260819,mixed,MIXED,CNN_RNND,2418,0.2887466661632061,0.2302931696176529,0.0584535077214241,
3,260819,mixed,MIXED,CNN_RNND,2419,0.29711252450942993,0.24222634360194206,0.05488618207164109,
3,260819,mixed,MIXED,CNN_RNND,2420,0.32252465933561325,0.2582342103123665,0.06429045461118221,
3,260819,mixed,MIXED,CNN_RNND,2421,0.3032495304942131,0.25427253171801567,0.048976998776197433,
3,260819,mixed,MIXED,CNN_RNND,2422,0.3988974057137966,0.3174385838210583,0.08145881909877062,
3,260819,mixed,MIXED,CNN_RNND,2423,0.5378429219126701,0.42328060045838356,0.11456232890486717,
3,260819,mixed,MIXED,CNN_RNND,2424,0.4483214430510998,0.3485230654478073,0.09979838412255049,
3,260819,mixed,MIXED,CNN_RNND,2425,0.35595819167792797,0.29280841909348965,0.06314976164139807,
3,260819,mixed,MIXED,CNN_RNND,2426,0.4228353127837181,0.33564871549606323,0.08718658983707428,
3,260819,mixed,MIXED,CNN_RNND,2427,0.5355649292469025,0.4179864749312401,0.11757843568921089,
3,260819,mixed,MIXED,CNN_RNND,2428,0.2500075101852417,0.21302860975265503,0.036978901363909245,
3,260819,mixed,MIXED,CNN_RNND,2429,0.365538090467453,0.2990840971469879,0.06645399332046509,
3,260819,mixed,MIXED,CNN_RNND,2430,0.5275128036737442,0.4048624709248543,0.12265031784772873,
3,260819,mixed,MIXED,CNN_RNND,2431,0.4123368337750435,0.3237421549856663,0.08859467692673206,
3,260819,mixed,MIXED,CNN_RNND,2432,0.3324631452560425,0.26843857020139694,0.06402457319200039,
3,260819,mixed,MIXED,CNN_RNND,2433,0.5233283769339323,0.4057546481490135,0.11757373297587037,
3,260819,mixed,MIXED,CNN_RNND,2434,0.6193984895944595,0.48176607489585876,0.13763241097331047,
3,260819,mixed,MIXED,CNN_RNND,2435,0.5065824240446091,0.39426736161112785,0.11231506429612637,
3,260819,mixed,MIXED,CNN_RNND,2436,0.3882177397608757,0.3135535828769207,0.07466417085379362,
3,260819,mixed,MIXED,CNN_RNND,2437,0.4664274547249079,0.36724235862493515,0.09918509237468243,
3,260819,mixed,MIXED,CNN_RNND,2438,0.3664732947945595,0.28812211006879807,0.07835118542425334,
3,260819,mixed,MIXED,CNN_RNND,2439,0.3772502541542053,0.29078198596835136,0.08646826120093465,
3,260819,mixed,MIXED,CNN_RNND,2440,0.41939520090818405,0.3366456851363182,0.08274951577186584,
3,260819,mixed,MIXED,CNN_RNND,2441,0.45467785373330116,0.36124103516340256,0.09343681298196316,
3,260819,mixed,MIXED,CNN_RNND,2442,0.34906579554080963,0.28376905247569084,0.06529673840850592,
3,260819,mixed,MIXED,CNN_RNND,2443,0.36786411330103874,0.2999799996614456,0.06788411643356085,
3,260819,mixed,MIXED,CNN_RNND,2444,0.38578021712601185,0.3049580790102482,0.08082213846500963,
3,260819,mixed,MIXED,CNN_RNND,2445,0.36475059762597084,0.2926480695605278,0.07210253458470106,
3,260819,mixed,MIXED,CNN_RNND,2446,0.3120737634599209,0.2493986152112484,0.06267514917999506,
3,260819,mixed,MIXED,CNN_RNND,2447,0.33230589516460896,0.26966913510113955,0.06263675587251782,
3,260819,mixed,MIXED,CNN_RNND,2448,0.3275664485991001,0.2689952850341797,0.058571167290210724,
3,260819,mixed,MIXED,CNN_RNND,2449,0.36528877541422844,0.2914649583399296,0.0738238226622343,
3,260819,mixed,MIXED,CNN_RNND,2450,0.46223438903689384,0.36450374126434326,0.09773064497858286,
3,260819,mixed,MIXED,CNN_RNND,2451,0.38047097995877266,0.3014405257999897,0.07903045928105712,
3,260819,mixed,MIXED,CNN_RNND,2452,0.26599459908902645,0.21255881153047085,0.05343578150495887,
3,260819,mixed,MIXED,CNN_RNND,2453,0.43000316619873047,0.33157070726156235,0.09843245707452297,
3,260819,mixed,MIXED,CNN_RNND,2454,0.5764389336109161,0.44636786729097366,0.13007106073200703,
3,260819,mixed,MIXED,CNN_RNND,2455,0.5607418045401573,0.43495118618011475,0.12579062208533287,
3,260819,mixed,MIXED,CNN_RNND,2456,0.42156664840877056,0.332353089004755,0.08921355742495507,
3,260819,mixed,MIXED,CNN_RNND,2457,0.3488096445798874,0.2815195433795452,0.0672901002690196,
3,260819,mixed,MIXED,CNN_RNND,2458,0.29853461496531963,0.23316248133778572,0.06537213688716292,
3,260819,mixed,MIXED,CNN_RNND,2459,0.33759331703186035,0.2712215632200241,0.06637176126241684,
3,260819,mixed,MIXED,CNN_RNND,2460,0.5213196352124214,0.4119682163000107,0.10935141332447529,
3,260819,mixed,MIXED,CNN_RNND,2461,0.2808590717613697,0.2299206256866455,0.05093844747170806,
3,260819,mixed,MIXED,CNN_RNND,2462,0.3535171076655388,0.28071360662579536,0.07280350476503372,
3,260819,mixed,MIXED,CNN_RNND,2463,0.15247696824371815,0.13073329254984856,0.02174367639236152,
3,260819,mixed,MIXED,CNN_RNND,2464,0.3280222453176975,0.2667066790163517,0.061315564438700676,
3,260819,mixed,MIXED,CNN_RNND,2465,0.3328462764620781,0.26892972737550735,0.06391655234619975,
3,260819,mixed,MIXED,CNN_RNND,2466,0.2640265040099621,0.21464597806334496,0.049380519427359104,
3,260819,mixed,MIXED,CNN_RNND,2467,0.5742875933647156,0.44502314925193787,0.12926445342600346,
3,260819,mixed,MIXED,CNN_RNND,2468,0.37827084213495255,0.3084035627543926,0.06986727705225348,
3,260819,mixed,MIXED,CNN_RNND,2469,0.3759641908109188,0.3001078963279724,0.07585629262030125,
3,260819,mixed,MIXED,CNN_RNND,2470,0.6425947397947311,0.5013441741466522,0.14125054888427258,
3,260819,mixed,MIXED,CNN_RNND,2471,0.29362303763628006,0.2370766419917345,0.05654639797285199,
3,260819,mixed,MIXED,CNN_RNND,2472,0.5881462022662163,0.46091536432504654,0.12723083421587944,
3,260819,mixed,MIXED,CNN_RNND,2473,0.4140581041574478,0.3294484466314316,0.08460965938866138,
3,260819,mixed,MIXED,CNN_RNND,2474,0.3915434032678604,0.3209381699562073,0.07060522586107254,
3,260819,mixed,MIXED,CNN_RNND,2475,0.5650482699275017,0.4339240714907646,0.13112419471144676,
3,260819,mixed,MIXED,CNN_RNND,2476,0.5646291375160217,0.4435705542564392,0.12105858325958252,
3,260819,mixed,MIXED,CNN_RNND,2477,0.42071985453367233,0.33452603220939636,0.08619383396580815,
3,260819,mixed,MIXED,CNN_RNND,2478,0.36572956293821335,0.2901884466409683,0.07554111955687404,
3,260819,mixed,MIXED,CNN_RNND,2479,0.528173141181469,0.416012667119503,0.1121604721993208,
3,260819,mixed,MIXED,CNN_RNND,2480,0.3464697599411011,0.2813052497804165,0.06516451574862003,
3,260819,mixed,MIXED,CNN_RNND,2481,0.40491677820682526,0.32823682576417923,0.07667995151132345,
3,260819,mixed,MIXED,CNN_RNND,2482,0.504024051129818,0.3911309093236923,0.11289314553141594,
3,260819,mixed,MIXED,CNN_RNND,2483,0.6438795775175095,0.49180611968040466,0.1520734578371048,
3,260819,mixed,MIXED,CNN_RNND,2484,0.44895004108548164,0.35303574800491333,0.09591428935527802,
3,260819,mixed,MIXED,CNN_RNND,2485,0.38096585497260094,0.3096482530236244,0.07131759822368622,
3,260819,mixed,MIXED,CNN_RNND,2486,0.4743027985095978,0.371355764567852,0.10294704511761665,
3,260819,mixed,MIXED,CNN_RNND,2487,0.40058423206210136,0.3182956129312515,0.08228861121460795,
3,260819,mixed,MIXED,CNN_RNND,2488,0.5742768198251724,0.4435482695698738,0.13072855025529861,
3,260819,mixed,MIXED,CNN_RNND,2489,0.4937487542629242,0.3904591500759125,0.10328960232436657,
3,260819,mixed,MIXED,CNN_RNND,2490,0.5749668553471565,0.44528987258672714,0.12967699021100998,
3,260819,mixed,MIXED,CNN_RNND,2491,0.2535852212458849,0.2117064855992794,0.04187873424962163,
3,260819,mixed,MIXED,CNN_RNND,2492,0.4049792308360338,0.31688935309648514,0.08808987610973418,
3,260819,mixed,MIXED,CNN_RNND,2493,0.6031917855143547,0.46503981202840805,0.13815197348594666,
3,260819,mixed,MIXED,CNN_RNND,2494,0.30701925978064537,0.24338015913963318,0.06363910855725408,
3,260819,mixed,MIXED,CNN_RNND,2495,0.3013581931591034,0.247936449944973,0.05342174880206585,
3,260819,mixed,MIXED,CNN_RNND,2496,0.2952839881181717,0.2426648996770382,0.052619089372456074,
3,260819,mixed,MIXED,CNN_RNND,2497,0.40684736892580986,0.32414212822914124,0.08270524721592665,
3,260819,mixed,MIXED,CNN_RNND,2498,0.5597632527351379,0.44609469175338745,0.11366855725646019,
3,260819,mixed,MIXED,CNN_RNND,2499,0.5093178823590279,0.39865583553910255,0.1106620505452156,
3,260819,mixed,MIXED,CNN_RNND,2500,0.3997848220169544,0.3128880709409714,0.08689675386995077,
3,260819,mixed,MIXED,CNN_RNND,2501,0.2948050405830145,0.23417791165411472,0.06062711984850466,
3,260819,mixed,MIXED,CNN_RNND,2502,0.620673269033432,0.48278719186782837,0.1378860715776682,
3,260819,mixed,MIXED,CNN_RNND,2503,0.13054929301142693,0.11494437418878078,0.015604916145093739,
3,260819,mixed,MIXED,CNN_RNND,2504,0.32249938882887363,0.2590131461620331,0.06348624092061073,
3,260819,mixed,MIXED,CNN_RNND,2505,0.4028955213725567,0.3218865916132927,0.08100892696529627,
3,260819,mixed,MIXED,CNN_RNND,2506,0.39497071877121925,0.31333715468645096,0.08163356222212315,
3,260819,mixed,MIXED,CNN_RNND,2507,0.27996842563152313,0.22740815207362175,0.0525602709967643,
3,260819,mixed,MIXED,CNN_RNND,2508,0.3622964173555374,0.28194688633084297,0.08034953009337187,
3,260819,mixed,MIXED,CNN_RNND,2509,0.37419750541448593,0.29996132105588913,0.07423617877066135,
3,260819,mixed,MIXED,CNN_RNND,2510,0.49689264595508575,0.385624535381794,0.11126810871064663,
3,260819,mixed,MIXED,CNN_RNND,2511,0.41592614725232124,0.3270899411290884,0.08883621694985777,
3,260819,mixed,MIXED,CNN_RNND,2512,0.4225035458803177,0.3409745469689369,0.08152900077402592,
3,260819,mixed,MIXED,CNN_RNND,2513,0.3201900124549866,0.2551821134984493,0.06500788917765021,
3,260819,mixed,MIXED,CNN_RNND,2514,0.4426044002175331,0.3514692336320877,0.09113515913486481,
3,260819,mixed,MIXED,CNN_RNND,2515,0.5692730657756329,0.4396558478474617,0.12961722491309047,
3,260819,mixed,MIXED,CNN_RNND,2516,0.4106913320720196,0.3219897747039795,0.08870156202465296,
3,260819,mixed,MIXED,CNN_RNND,2517,0.3906807601451874,0.3125808835029602,0.0780998757109046,
3,260819,mixed,MIXED,CNN_RNND,2518,0.26568054407835007,0.22111523151397705,0.04456531070172787,
3,260819,mixed,MIXED,CNN_RNND,2519,0.41843168064951897,0.32784439623355865,0.09058728627860546,
3,260819,mixed,MIXED,CNN_RNND,2520,0.5019957236945629,0.39399758726358414,0.10799814388155937,
3,260819,mixed,MIXED,CNN_RNND,2521,0.5013976395130157,0.39327625185251236,0.10812138859182596,
3,260819,mixed,MIXED,CNN_RNND,2522,0.27274604327976704,0.22446108609437943,0.04828495439141989,
3,260819,mixed,MIXED,CNN_RNND,2523,0.3726742397993803,0.293833089992404,0.07884114421904087,
3,260819,mixed,MIXED,CNN_RNND,2524,0.5501195639371872,0.4293075278401375,0.12081203609704971,
3,260819,mixed,MIXED,CNN_RNND,2525,0.2576896045356989,0.20628434047102928,0.05140526546165347,
3,260819,mixed,MIXED,CNN_RNND,2526,0.2963094413280487,0.24129609391093254,0.055013349279761314,
3,260819,mixed,MIXED,CNN_RNND,2527,0.2528232578188181,0.21151129342615604,0.04131195950321853,
3,260819,mixed,MIXED,CNN_RNND,2528,0.35358460061252117,0.27941590547561646,0.07416869420558214,
3,260819,mixed,MIXED,CNN_RNND,2529,0.21609892696142197,0.1786134298890829,0.037485499982722104,
3,260819,mixed,MIXED,CNN_RNND,2530,0.24956489354372025,0.20712959952652454,0.04243529308587313,
3,260819,mixed,MIXED,CNN_RNND,2531,0.5857536867260933,0.4557550475001335,0.12999864853918552,
3,260819,mixed,MIXED,CNN_RNND,2532,0.3108850494027138,0.25274595618247986,0.05813909601420164,
3,260819,mixed,MIXED,CNN_RNND,2533,0.32193197682499886,0.25878314673900604,0.06314882170408964,
3,260819,mixed,MIXED,CNN_RNND,2534,0.349794689565897,0.2830859646201134,0.06670873565599322,
3,260819,mixed,MIXED,CNN_RNND,2535,0.28799026645720005,0.2320594135671854,0.05593085219152272,
3,260819,mixed,MIXED,CNN_RNND,2536,0.31557079404592514,0.26082685962319374,0.0547439306974411,
3,260819,mixed,MIXED,CNN_RNND,2537,0.2846326734870672,0.23194944858551025,0.0526832256000489,
3,260819,mixed,MIXED,CNN_RNND,2538,0.27939192205667496,0.22427599877119064,0.055115919560194016,
3,260819,mixed,MIXED,CNN_RNND,2539,0.36195777729153633,0.2860821858048439,0.07587559195235372,
3,260819,mixed,MIXED,CNN_RNND,2540,0.4245491735637188,0.34481220692396164,0.07973695732653141,
3,260819,mixed,MIXED,CNN_RNND,2541,0.42934202402830124,0.34298771619796753,0.08635429851710796,
3,260819,mixed,MIXED,CNN_RNND,2542,0.5177227444946766,0.4032563641667366,0.11446638219058514,
3,260819,mixed,MIXED,CNN_RNND,2543,0.545527771115303,0.42259594798088074,0.122931819409132,
3,260819,mixed,MIXED,CNN_RNND,2544,0.3780948370695114,0.2917018532752991,0.08639297029003501,
3,260819,mixed,MIXED,CNN_RNND,2545,0.4870666638016701,0.38454126566648483,0.10252540837973356,
3,260819,mixed,MIXED,CNN_RNND,2546,0.47545549273490906,0.37354325503110886,0.1019122302532196,
3,260819,mixed,MIXED,CNN_RNND,2547,0.3930247575044632,0.3194240406155586,0.07360071688890457,
3,260819,mixed,MIXED,CNN_RNND,2548,0.46939215064048767,0.3726327568292618,0.09675939194858074,
3,260819,mixed,MIXED,CNN_RNND,2549,0.40545783191919327,0.3177228197455406,0.08773502055555582,
3,260819,mixed,MIXED,CNN_RNND,2550,0.4407161548733711,0.34622589126229286,0.09449026081711054,
3,260819,mixed,MIXED,CNN_RNND,2551,0.3240802101790905,0.26787879690527916,0.056201410479843616,
3,260819,mixed,MIXED,CNN_RNND,2552,0.39029601588845253,0.3108845166862011,0.07941150292754173,
3,260819,mixed,MIXED,CNN_RNND,2553,0.7132675126194954,0.5482478588819504,0.16501965560019016,
3,260819,mixed,MIXED,CNN_RNND,2554,0.46296820044517517,0.36566613614559174,0.09730206802487373,
3,260819,mixed,MIXED,CNN_RNND,2555,0.40895629301667213,0.3323485627770424,0.07660773838870227,
3,260819,mixed,MIXED,CNN_RNND,2556,0.47873658686876297,0.37384164333343506,0.10489493981003761,
3,260819,mixed,MIXED,CNN_RNND,2557,0.5295746400952339,0.417544461786747,0.11203018389642239,
3,260819,mixed,MIXED,CNN_RNND,2558,0.3692904729396105,0.2923804484307766,0.07691002928186208,
3,260819,mixed,MIXED,CNN_RNND,2559,0.6514726877212524,0.5127695575356483,0.13870313204824924,
3,260819,mixed,MIXED,CNN_RNND,2560,0.6114823073148727,0.4689430519938469,0.14253924414515495,
3,260819,mixed,MIXED,CNN_RNND,2561,0.4443041533231735,0.3511958047747612,0.09310835599899292,
3,260819,mixed,MIXED,CNN_RNND,2562,0.40912698581814766,0.3302771747112274,0.07884982693940401,
3,260819,mixed,MIXED,CNN_RNND,2563,0.49135890416800976,0.3866395018994808,0.10471939155831933,
3,260819,mixed,MIXED,CNN_RNND,2564,0.3835195191204548,0.3040463663637638,0.07947315648198128,
3,260819,mixed,MIXED,CNN_RNND,2565,0.38296766579151154,0.30385614931583405,0.07911152578890324,
3,260819,mixed,MIXED,CNN_RNND,2566,0.5033177062869072,0.39679665118455887,0.10652104951441288,
3,260819,mixed,MIXED,CNN_RNND,2567,0.31489815562963486,0.2563585788011551,0.05853956937789917,
3,260819,mixed,MIXED,CNN_RNND,2568,0.3717334121465683,0.3051416426897049,0.06659176480025053,
3,260819,mixed,MIXED,CNN_RNND,2569,0.36475566402077675,0.2923376653343439,0.07241800148040056,
3,260819,mixed,MIXED,CNN_RNND,2570,0.5169132873415947,0.40014177188277245,0.11677150428295135,
3,260819,mixed,MIXED,CNN_RNND,2571,0.4780011624097824,0.3738084137439728,0.10419275984168053,
3,260819,mixed,MIXED,CNN_RNND,2572,0.4409705102443695,0.3451457805931568,0.09582472778856754,
3,260819,mixed,MIXED,CNN_RNND,2573,0.3240530788898468,0.2660292498767376,0.058023832738399506,
3,260819,mixed,MIXED,CNN_RNND,2574,0.552470862865448,0.4274541214108467,0.12501674704253674,
3,260819,mixed,MIXED,CNN_RNND,2575,0.5178296193480492,0.4154599457979202,0.10236967355012894,
3,260819,mixed,MIXED,CNN_RNND,2576,0.3771725445985794,0.3066291958093643,0.07054334972053766,
3,260819,mixed,MIXED,CNN_RNND,2577,0.45440593734383583,0.3627889081835747,0.09161701914854348,
3,260819,mixed,MIXED,CNN_RNND,2578,0.40251001343131065,0.322661392390728,0.07984861452132463,
3,260819,mixed,MIXED,CNN_RNND,2579,0.3161278646439314,0.25095175579190254,0.06517611839808524,
3,260819,mixed,MIXED,CNN_RNND,2580,0.2971494309604168,0.24400853738188744,0.05314089241437614,
3,260819,mixed,MIXED,CNN_RNND,2581,0.34045059233903885,0.2769656162708998,0.06348497793078423,
3,260819,mixed,MIXED,CNN_RNND,2582,0.1756659336388111,0.14982308633625507,0.025842841248959303,
3,260819,mixed,MIXED,CNN_RNND,2583,0.23602872900664806,0.19956529885530472,0.03646342526189983,
3,260819,mixed,MIXED,CNN_RNND,2584,0.4252670258283615,0.33769872412085533,0.0875683082267642,
3,260819,mixed,MIXED,CNN_RNND,2585,0.2825547680258751,0.23136496543884277,0.05118980258703232,
3,260819,mixed,MIXED,CNN_RNND,2586,0.3331357501447201,0.2702653035521507,0.06287044798955321,
3,260819,mixed,MIXED,CNN_RNND,2587,0.2655113711953163,0.21782439947128296,0.04768697079271078,
3,260819,mixed,MIXED,CNN_RNND,2588,0.3945223093032837,0.3149045333266258,0.07961777038872242,
3,260819,mixed,MIXED,CNN_RNND,2589,0.21948113478720188,0.18434280902147293,0.0351383239030838,
3,260819,mixed,MIXED,CNN_RNND,2590,0.43418385460972786,0.34721503779292107,0.08696883311495185,
3,260819,mixed,MIXED,CNN_RNND,2591,0.4789635017514229,0.37543459609150887,0.10352889774367213,
3,260819,mixed,MIXED,CNN_RNND,2592,0.42126958444714546,0.33749204128980637,0.0837775431573391,
3,260819,mixed,MIXED,CNN_RNND,2593,0.3628617823123932,0.28507186099886894,0.07778992131352425,
3,260819,mixed,MIXED,CNN_RNND,2594,0.34980467706918716,0.2759730853140354,0.07383160665631294,
3,260819,mixed,MIXED,CNN_RNND,2595,0.4345594644546509,0.34690752997994423,0.08765195123851299,
3,260819,mixed,MIXED,CNN_RNND,2596,0.45238250866532326,0.3578974977135658,0.09448500629514456,
3,260819,mixed,MIXED,CNN_RNND,2597,0.41231077909469604,0.3215733766555786,0.09073739591985941,
3,260819,mixed,MIXED,CNN_RNND,2598,0.5043846070766449,0.3960286043584347,0.1083560036495328,
3,260819,mixed,MIXED,CNN_RNND,2599,0.3384601380676031,0.2764468230307102,0.06201331061311066,
3,260819,mixed,MIXED,CNN_RNND,2600,0.22216499038040638,0.18963849171996117,0.03252649924252182,-0.9951356311427191
3,260819,mixed,MIXED,CNN_RNND,2601,0.4857446327805519,0.3848922625184059,0.10085237212479115,
3,260819,mixed,MIXED,CNN_RNND,2602,0.5037270709872246,0.3924490809440613,0.11127798678353429,
3,260819,mixed,MIXED,CNN_RNND,2603,0.34021711349487305,0.26620178297162056,0.07401533797383308,
3,260819,mixed,MIXED,CNN_RNND,2604,0.24817581847310066,0.2042570263147354,0.043918793089687824,
3,260819,mixed,MIXED,CNN_RNND,2605,0.19614581018686295,0.16331587731838226,0.0328299286775291,
3,260819,mixed,MIXED,CNN_RNND,2606,0.4130840376019478,0.3335810974240303,0.07950293738394976,
3,260819,mixed,MIXED,CNN_RNND,2607,0.5234225131571293,0.4206698052585125,0.10275269858539104,
3,260819,mixed,MIXED,CNN_RNND,2608,0.5539314597845078,0.4273746460676193,0.12655681371688843,
3,260819,mixed,MIXED,CNN_RNND,2609,0.5109324380755424,0.40136055648326874,0.10957189556211233,
3,260819,mixed,MIXED,CNN_RNND,2610,0.33479951694607735,0.27019191160798073,0.06460761092603207,
3,260819,mixed,MIXED,CNN_RNND,2611,0.4994596540927887,0.38472705706954,0.11473258957266808,
3,260819,mixed,MIXED,CNN_RNND,2612,0.42362244985997677,0.3337138257920742,0.08990862010978162,
3,260819,mixed,MIXED,CNN_RNND,2613,0.4064439758658409,0.3220929503440857,0.08435101341456175,
3,260819,mixed,MIXED,CNN_RNND,2614,0.4121895954012871,0.3253425173461437,0.0868470799177885,
3,260819,mixed,MIXED,CNN_RNND,2615,0.39792753010988235,0.31931865960359573,0.07860886864364147,
3,260819,mixed,MIXED,CNN_RNND,2616,0.2581196278333664,0.21636443585157394,0.04175519198179245,
3,260819,mixed,MIXED,CNN_RNND,2617,0.37193281948566437,0.295620184391737,0.0763126271776855,
3,260819,mixed,MIXED,CNN_RNND,2618,0.38794729486107826,0.31212427467107773,0.07582301646471024,
3,260819,mixed,MIXED,CNN_RNND,2619,0.5316067337989807,0.4147908352315426,0.11681589297950268,
3,260819,mixed,MIXED,CNN_RNND,2620,0.387972816824913,0.31148846074938774,0.07648434489965439,
3,260819,mixed,MIXED,CNN_RNND,2621,0.501689963042736,0.39668791741132736,0.10500204376876354,
3,260819,mixed,MIXED,CNN_RNND,2622,0.3055749759078026,0.24620959535241127,0.05936537520028651,
3,260819,mixed,MIXED,CNN_RNND,2623,0.5555622950196266,0.4342556335031986,0.1213066540658474,
3,260819,mixed,MIXED,CNN_RNND,2624,0.4380161985754967,0.34752608835697174,0.0904901148751378,
3,260819,mixed,MIXED,CNN_RNND,2625,0.4165729731321335,0.3282771371304989,0.08829583786427975,
3,260819,mixed,MIXED,CNN_RNND,2626,0.3817778266966343,0.3016051687300205,0.0801726570352912,
3,260819,mixed,MIXED,CNN_RNND,2627,0.545153945684433,0.4290867745876312,0.1160671841353178,
3,260819,mixed,MIXED,CNN_RNND,2628,0.40559830516576767,0.3208816200494766,0.08471668232232332,
3,260819,mixed,MIXED,CNN_RNND,2629,0.5396775975823402,0.4253131151199341,0.11436448059976101,
3,260819,mixed,MIXED,CNN_RNND,2630,0.40178199112415314,0.3274252712726593,0.07435670867562294,
3,260819,mixed,MIXED,CNN_RNND,2631,0.4426697604358196,0.3559873588383198,0.08668240974657238,
3,260819,mixed,MIXED,CNN_RNND,2632,0.4695523679256439,0.3732617050409317,0.0962906526401639,
3,260819,mixed,MIXED,CNN_RNND,2633,0.5120518282055855,0.3964960426092148,0.1155557781457901,
3,260819,mixed,MIXED,CNN_RNND,2634,0.505985751748085,0.3936599865555763,0.11232577171176672,
3,260819,mixed,MIXED,CNN_RNND,2635,0.594337671995163,0.45720048248767853,0.13713718205690384,
3,260819,mixed,MIXED,CNN_RNND,2636,0.594674289226532,0.4632745459675789,0.1313997432589531,
3,260819,mixed,MIXED,CNN_RNND,2637,0.40818315744400024,0.328240979462862,0.07994217798113823,
3,260819,mixed,MIXED,CNN_RNND,2638,0.4011481776833534,0.31759511306881905,0.08355307811871171,
3,260819,mixed,MIXED,CNN_RNND,2639,0.3668161630630493,0.3005184307694435,0.0662977360188961,
3,260819,mixed,MIXED,CNN_RNND,2640,0.5735005885362625,0.444954264909029,0.12854633573442698,
3,260819,mixed,MIXED,CNN_RNND,2641,0.543212316930294,0.4214775077998638,0.12173481564968824,
3,260819,mixed,MIXED,CNN_RNND,2642,0.37123219668865204,0.29931458830833435,0.071917605237104,
3,260819,mixed,MIXED,CNN_RNND,2643,0.5006575509905815,0.3903433382511139,0.1103142136707902,
3,260819,mixed,MIXED,CNN_RNND,2644,0.5248191654682159,0.41606856137514114,0.10875060595571995,
3,260819,mixed,MIXED,CNN_RNND,2645,0.6068584397435188,0.47057484090328217,0.1362836044281721,
3,260819,mixed,MIXED,CNN_RNND,2646,0.5234311744570732,0.4126175083220005,0.11081366147845984,
3,260819,mixed,MIXED,CNN_RNND,2647,0.20889926701784134,0.17724133096635342,0.031657931162044406,
3,260819,mixed,MIXED,CNN_RNND,2648,0.26827864721417427,0.21832884475588799,0.049949802458286285,
3,260819,mixed,MIXED,CNN_RNND,2649,0.3680583480745554,0.29937412217259407,0.06868422823026776,
3,260819,mixed,MIXED,CNN_RNND,2650,0.5465954393148422,0.4296584501862526,0.11693698540329933,
3,260819,mixed,MIXED,CNN_RNND,2651,0.5894438493996859,0.4601684380322695,0.12927541823592037,
3,260819,mixed,MIXED,CNN_RNND,2652,0.4171060062944889,0.329496406018734,0.08760958909988403,
3,260819,mixed,MIXED,CNN_RNND,2653,0.24992460943758488,0.20518625155091286,0.04473836254328489,
3,260819,mixed,MIXED,CNN_RNND,2654,0.3329335004091263,0.27394949644804,0.058984008617699146,
3,260819,mixed,MIXED,CNN_RNND,2655,0.33863726258277893,0.27194079756736755,0.06669647060334682,
3,260819,mixed,MIXED,CNN_RNND,2656,0.38087763637304306,0.31171848252415657,0.06915914919227362,
3,260819,mixed,MIXED,CNN_RNND,2657,0.380050977692008,0.3121884614229202,0.06786250718869269,
3,260819,mixed,MIXED,CNN_RNND,2658,0.38441964238882065,0.30522745847702026,0.07919218763709068,
3,260819,mixed,MIXED,CNN_RNND,2659,0.26202963665127754,0.21661509573459625,0.045414538122713566,
3,260819,mixed,MIXED,CNN_RNND,2660,0.46668340265750885,0.36829423159360886,0.09838918037712574,
3,260819,mixed,MIXED,CNN_RNND,2661,0.5260422453284264,0.4144446551799774,0.11159759573638439,
3,260819,mixed,MIXED,CNN_RNND,2662,0.25388120114803314,0.2149076908826828,0.03897351189516485,
3,260819,mixed,MIXED,CNN_RNND,2663,0.43340930715203285,0.3419189266860485,0.09149038512259722,
3,260819,mixed,MIXED,CNN_RNND,2664,0.5051940865814686,0.4016128033399582,0.10358126554638147,
3,260819,mixed,MIXED,CNN_RNND,2665,0.4160248339176178,0.33495068177580833,0.08107415400445461,
3,260819,mixed,MIXED,CNN_RNND,2666,0.4672732651233673,0.36470750719308853,0.10256576491519809,
3,260819,mixed,MIXED,CNN_RNND,2667,0.34704578667879105,0.2753465548157692,0.07169923465698957,
3,260819,mixed,MIXED,CNN_RNND,2668,0.3888740800321102,0.31247678399086,0.07639729138463736,
3,260819,mixed,MIXED,CNN_RNND,2669,0.5755486376583576,0.45232918858528137,0.12321945372968912,
3,260819,mixed,MIXED,CNN_RNND,2670,0.2984077110886574,0.24169015884399414,0.0567175573669374,
3,260819,mixed,MIXED,CNN_RNND,2671,0.3373681269586086,0.2696545347571373,0.06771359127014875,
3,260819,mixed,MIXED,CNN_RNND,2672,0.42046530544757843,0.33677303045988083,0.08369228057563305,
3,260819,mixed,MIXED,CNN_RNND,2673,0.477908942848444,0.37758396565914154,0.10032496973872185,
3,260819,mixed,MIXED,CNN_RNND,2674,0.4395138956606388,0.3500472828745842,0.08946660812944174,
3,260819,mixed,MIXED,CNN_RNND,2675,0.4231071397662163,0.3364616632461548,0.08664546813815832,
3,260819,mixed,MIXED,CNN_RNND,2676,0.425434835255146,0.3333572819828987,0.09207755327224731,
3,260819,mixed,MIXED,CNN_RNND,2677,0.38783811032772064,0.3049403503537178,0.08289776183664799,
3,260819,mixed,MIXED,CNN_RNND,2678,0.3421916253864765,0.2763723134994507,0.06581931561231613,
3,260819,mixed,MIXED,CNN_RNND,2679,0.3727995678782463,0.2961405888199806,0.07665897440165281,
3,260819,mixed,MIXED,CNN_RNND,2680,0.40607479214668274,0.3179325833916664,0.08814222179353237,
3,260819,mixed,MIXED,CNN_RNND,2681,0.2844701260328293,0.23005070723593235,0.05441941972821951,
3,260819,mixed,MIXED,CNN_RNND,2682,0.31406453996896744,0.25040461122989655,0.0636599250137806,
3,260819,mixed,MIXED,CNN_RNND,2683,0.4843516871333122,0.38219309970736504,0.10215858742594719,
3,260819,mixed,MIXED,CNN_RNND,2684,0.4298158027231693,0.34578369557857513,0.08403210528194904,
3,260819,mixed,MIXED,CNN_RNND,2685,0.45806555449962616,0.3585306778550148,0.09953487012535334,
3,260819,mixed,MIXED,CNN_RNND,2686,0.24183714017271996,0.20087000541388988,0.04096713394392282,
3,260819,mixed,MIXED,CNN_RNND,2687,0.3021542951464653,0.24653264321386814,0.055621649604290724,
3,260819,mixed,MIXED,CNN_RNND,2688,0.43798651546239853,0.3493838533759117,0.08860266394913197,
3,260819,mixed,MIXED,CNN_RNND,2689,0.2726910412311554,0.2261967882514,0.04649425623938441,
3,260819,mixed,MIXED,CNN_RNND,2690,0.31206921860575676,0.25442807376384735,0.05764114763587713,
3,260819,mixed,MIXED,CNN_RNND,2691,0.511198541149497,0.3970476742833853,0.11415088037028909,
3,260819,mixed,MIXED,CNN_RNND,2692,0.4809286892414093,0.3711339980363846,0.10979469679296017,
3,260819,mixed,MIXED,CNN_RNND,2693,0.46359068900346756,0.3674670085310936,0.09612367860972881,
3,260819,mixed,MIXED,CNN_RNND,2694,0.4084343984723091,0.3247439544647932,0.08369044819846749,
3,260819,mixed,MIXED,CNN_RNND,2695,0.4681112766265869,0.37025637179613113,0.09785489737987518,
3,260819,mixed,MIXED,CNN_RNND,2696,0.2920748330652714,0.2306022346019745,0.06147259962745011,
3,260819,mixed,MIXED,CNN_RNND,2697,0.3777323141694069,0.3126560151576996,0.06507630087435246,
3,260819,mixed,MIXED,CNN_RNND,2698,0.39686327427625656,0.32321005687117577,0.07365322299301624,
3,260819,mixed,MIXED,CNN_RNND,2699,0.2951681464910507,0.23815329372882843,0.057014849968254566,
3,260819,mixed,MIXED,CNN_RNND,2700,0.5383140966296196,0.41890881955623627,0.11940527334809303,
3,260819,mixed,MIXED,CNN_RNND,2701,0.4491966813802719,0.3552825450897217,0.09391412883996964,
3,260819,mixed,MIXED,CNN_RNND,2702,0.46552644670009613,0.3661476969718933,0.09937874786555767,
3,260819,mixed,MIXED,CNN_RNND,2703,0.37408899888396263,0.3011435717344284,0.0729454355314374,
3,260819,mixed,MIXED,CNN_RNND,2704,0.34916654974222183,0.28134409338235855,0.06782245449721813,
3,260819,mixed,MIXED,CNN_RNND,2705,0.35908407531678677,0.2896045334637165,0.06947954592760652,
3,260819,mixed,MIXED,CNN_RNND,2706,0.4176965542137623,0.3299928605556488,0.08770368527621031,
3,260819,mixed,MIXED,CNN_RNND,2707,0.46991248056292534,0.37103377655148506,0.09887871285900474,
3,260819,mixed,MIXED,CNN_RNND,2708,0.5368908494710922,0.42484045773744583,0.11205039545893669,
3,260819,mixed,MIXED,CNN_RNND,2709,0.36274879798293114,0.29350535571575165,0.06924343574792147,
3,260819,mixed,MIXED,CNN_RNND,2710,0.5283902604132891,0.4127099458128214,0.11568031832575798,
3,260819,mixed,MIXED,CNN_RNND,2711,0.24602321721613407,0.2057435791939497,0.040279636392369866,
3,260819,mixed,MIXED,CNN_RNND,2712,0.3138704113662243,0.2613621652126312,0.05250825034454465,
3,260819,mixed,MIXED,CNN_RNND,2713,0.44702548533678055,0.3506290875375271,0.09639641083776951,
3,260819,mixed,MIXED,CNN_RNND,2714,0.42479273676872253,0.3377339020371437,0.08705883659422398,
3,260819,mixed,MIXED,CNN_RNND,2715,0.584243580698967,0.46198510378599167,0.12225846759974957,
3,260819,mixed,MIXED,CNN_RNND,2716,0.5047317817807198,0.39649055898189545,0.10824123583734035,
3,260819,mixed,MIXED,CNN_RNND,2717,0.4939519166946411,0.39026256650686264,0.10368936508893967,
3,260819,mixed,MIXED,CNN_RNND,2718,0.38624200969934464,0.31358979642391205,0.07265220768749714,
3,260819,mixed,MIXED,CNN_RNND,2719,0.44897136092185974,0.3588135242462158,0.09015783574432135,
3,260819,mixed,MIXED,CNN_RNND,2720,0.38333088532090187,0.3085293136537075,0.07480156049132347,
3,260819,mixed,MIXED,CNN_RNND,2721,0.2841753661632538,0.23548572696745396,0.04868963989429176,
3,260819,mixed,MIXED,CNN_RNND,2722,0.40696146339178085,0.32444039545953274,0.08252106071449816,
3,260819,mixed,MIXED,CNN_RNND,2723,0.40177101641893387,0.3228464126586914,0.07892460376024246,
3,260819,mixed,MIXED,CNN_RNND,2724,0.4937214180827141,0.38784027099609375,0.10588114708662033,
3,260819,mixed,MIXED,CNN_RNND,2725,0.4586590602993965,0.3581806309521198,0.10047843214124441,
3,260819,mixed,MIXED,CNN_RNND,2726,0.3148425705730915,0.2527399845421314,0.062102592550218105,
3,260819,mixed,MIXED,CNN_RNND,2727,0.2391681969165802,0.20070293731987476,0.038465257501229644,
3,260819,mixed,MIXED,CNN_RNND,2728,0.5043340548872948,0.39957067370414734,0.10476338304579258,
3,260819,mixed,MIXED,CNN_RNND,2729,0.6712761521339417,0.5089742094278336,0.1623019278049469,
3,260819,mixed,MIXED,CNN_RNND,2730,0.5215863883495331,0.4103860408067703,0.11120034102350473,
3,260819,mixed,MIXED,CNN_RNND,2731,0.3845449909567833,0.3080611564218998,0.07648383174091578,
3,260819,mixed,MIXED,CNN_RNND,2732,0.22010590508580208,0.1873256154358387,0.03278029104694724,
3,260819,mixed,MIXED,CNN_RNND,2733,0.664012998342514,0.5255637317895889,0.1384492665529251,
3,260819,mixed,MIXED,CNN_RNND,2734,0.43673427402973175,0.34697168320417404,0.08976259548217058,
3,260819,mixed,MIXED,CNN_RNND,2735,0.559433326125145,0.43222779780626297,0.12720552925020456,
3,260819,mixed,MIXED,CNN_RNND,2736,0.3405214212834835,0.27450748719275,0.06601393013261259,
3,260819,mixed,MIXED,CNN_RNND,2737,0.39235880598425865,0.31690679118037224,0.07545200921595097,
3,260819,mixed,MIXED,CNN_RNND,2738,0.4491969719529152,0.35476142168045044,0.0944355521351099,
3,260819,mixed,MIXED,CNN_RNND,2739,0.5379037633538246,0.4210927188396454,0.11681103520095348,
3,260819,mixed,MIXED,CNN_RNND,2740,0.40535926818847656,0.32421912252902985,0.08114014752209187,
3,260819,mixed,MIXED,CNN_RNND,2741,0.6491727754473686,0.501810684800148,0.1473620906472206,
3,260819,mixed,MIXED,CNN_RNND,2742,0.6172771751880646,0.4854685589671135,0.13180860504508018,
3,260819,mixed,MIXED,CNN_RNND,2743,0.3887561038136482,0.31378649920225143,0.07496961497236043,
3,260819,mixed,MIXED,CNN_RNND,2744,0.3295270837843418,0.27064763382077217,0.058879445772618055,
3,260819,mixed,MIXED,CNN_RNND,2745,0.5140196308493614,0.4020278826355934,0.11199174635112286,
3,260819,mixed,MIXED,CNN_RNND,2746,0.4524926394224167,0.3665247820317745,0.08596786111593246,
3,260819,mixed,MIXED,CNN_RNND,2747,0.4131689742207527,0.3360115475952625,0.0771574261598289,
3,260819,mixed,MIXED,CNN_RNND,2748,0.5116818398237228,0.4005023315548897,0.11117950081825256,
3,260819,mixed,MIXED,CNN_RNND,2749,0.4059176482260227,0.3263348527252674,0.07958278898149729,
3,260819,mixed,MIXED,CNN_RNND,2750,0.3146512024104595,0.25609736517071724,0.058553838171064854,
3,260819,mixed,MIXED,CNN_RNND,2751,0.38543620705604553,0.3135870173573494,0.07184917852282524,
3,260819,mixed,MIXED,CNN_RNND,2752,0.4086187854409218,0.3271082267165184,0.08151055686175823,
3,260819,mixed,MIXED,CNN_RNND,2753,0.4632310979068279,0.36788275465369225,0.09534834697842598,
3,260819,mixed,MIXED,CNN_RNND,2754,0.42935409396886826,0.34417596459388733,0.08517812704667449,
3,260819,mixed,MIXED,CNN_RNND,2755,0.5005294270813465,0.39561147429049015,0.10491793695837259,
3,260819,mixed,MIXED,CNN_RNND,2756,0.36988287419080734,0.29807979613542557,0.07180307060480118,
3,260819,mixed,MIXED,CNN_RNND,2757,0.36849748343229294,0.29843469709157944,0.07006279099732637,
3,260819,mixed,MIXED,CNN_RNND,2758,0.5473011806607246,0.43231692910194397,0.11498425342142582,
3,260819,mixed,MIXED,CNN_RNND,2759,0.26528413593769073,0.2164338119328022,0.048850313760340214,
3,260819,mixed,MIXED,CNN_RNND,2760,0.4424973428249359,0.35637402534484863,0.08612332306802273,
3,260819,mixed,MIXED,CNN_RNND,2761,0.4513877034187317,0.3640361353754997,0.08735156152397394,
3,260819,mixed,MIXED,CNN_RNND,2762,0.5347248166799545,0.4199149012565613,0.11480991588905454,
3,260819,mixed,MIXED,CNN_RNND,2763,0.44592180103063583,0.3590356335043907,0.0868861647322774,
3,260819,mixed,MIXED,CNN_RNND,2764,0.4953009616583586,0.37871224246919155,0.11658871662802994,
3,260819,mixed,MIXED,CNN_RNND,2765,0.2638687677681446,0.2263563983142376,0.037512372713536024,
3,260819,mixed,MIXED,CNN_RNND,2766,0.33453384041786194,0.2782040946185589,0.056329747661948204,
3,260819,mixed,MIXED,CNN_RNND,2767,0.424252737313509,0.3382430300116539,0.08600970357656479,
3,260819,mixed,MIXED,CNN_RNND,2768,0.4395713619887829,0.3472769409418106,0.09229441732168198,
3,260819,mixed,MIXED,CNN_RNND,2769,0.3730718344449997,0.3003238718956709,0.07274796697311103,
3,260819,mixed,MIXED,CNN_RNND,2770,0.4796955958008766,0.3812182582914829,0.09847734030336142,
3,260819,mixed,MIXED,CNN_RNND,2771,0.40415481477975845,0.32538464665412903,0.07877017464488745,
3,260819,mixed,MIXED,CNN_RNND,2772,0.2766588628292084,0.22077097184956074,0.05588790075853467,
3,260819,mixed,MIXED,CNN_RNND,2773,0.35332098603248596,0.28306448459625244,0.07025650888681412,
3,260819,mixed,MIXED,CNN_RNND,2774,0.46260877698659897,0.3702648803591728,0.09234389290213585,
3,260819,mixed,MIXED,CNN_RNND,2775,0.315371323376894,0.2585002928972244,0.05687102896627039,
3,260819,mixed,MIXED,CNN_RNND,2776,0.36115290224552155,0.2890898250043392,0.07206307421438396,
3,260819,mixed,MIXED,CNN_RNND,2777,0.4670484811067581,0.3742239326238632,0.09282454662024975,
3,260819,mixed,MIXED,CNN_RNND,2778,0.37137676402926445,0.3013052009046078,0.07007156778126955,
3,260819,mixed,MIXED,CNN_RNND,2779,0.508071132004261,0.3936046436429024,0.11446648743003607,
3,260819,mixed,MIXED,CNN_RNND,2780,0.3392772674560547,0.2693004161119461,0.06997685134410858,
3,260819,mixed,MIXED,CNN_RNND,2781,0.4371837377548218,0.35354308784008026,0.08364066295325756,
3,260819,mixed,MIXED,CNN_RNND,2782,0.4395642802119255,0.3483520410954952,0.09121224284172058,
3,260819,mixed,MIXED,CNN_RNND,2783,0.3447126690298319,0.27620868012309074,0.06850399659015238,
3,260819,mixed,MIXED,CNN_RNND,2784,0.3567419610917568,0.28259770572185516,0.07414425956085324,
3,260819,mixed,MIXED,CNN_RNND,2785,0.3959359470754862,0.31719695776700974,0.07873898441903293,
3,260819,mixed,MIXED,CNN_RNND,2786,0.42268231138587,0.3402356933802366,0.08244662010110915,
3,260819,mixed,MIXED,CNN_RNND,2787,0.4331054463982582,0.3477722629904747,0.08533317595720291,
3,260819,mixed,MIXED,CNN_RNND,2788,0.39088065177202225,0.3114738091826439,0.0794068519026041,
3,260819,mixed,MIXED,CNN_RNND,2789,0.2935237120836973,0.2385283298790455,0.05499538639560342,
3,260819,mixed,MIXED,CNN_RNND,2790,0.4711221531033516,0.3728507570922375,0.09827139135450125,
3,260819,mixed,MIXED,CNN_RNND,2791,0.4034303165972233,0.3220997601747513,0.08133055735379457,
3,260819,mixed,MIXED,CNN_RNND,2792,0.4244290068745613,0.3379089906811714,0.08652002085000277,
3,260819,mixed,MIXED,CNN_RNND,2793,0.6408425569534302,0.5096169859170914,0.1312255784869194,
3,260819,mixed,MIXED,CNN_RNND,2794,0.3082273453474045,0.25158120691776276,0.05664613377302885,
3,260819,mixed,MIXED,CNN_RNND,2795,0.42843491584062576,0.34481579065322876,0.08361912332475185,
3,260819,mixed,MIXED,CNN_RNND,2796,0.4926324263215065,0.3940015882253647,0.09863083437085152,
3,260819,mixed,MIXED,CNN_RNND,2797,0.3254569247364998,0.259677030146122,0.06577988807111979,
3,260819,mixed,MIXED,CNN_RNND,2798,0.40641091763973236,0.32160959392786026,0.0848013199865818,
3,260819,mixed,MIXED,CNN_RNND,2799,0.25890517607331276,0.21538729593157768,0.043517885729670525,
3,260819,mixed,MIXED,CNN_RNND,2800,0.38362405076622963,0.31442295387387276,0.0692010959610343,-1.009804653044085
3,260819,mixed,MIXED,CNN_RNND,2801,0.33598874509334564,0.2731235697865486,0.06286517530679703,
3,260819,mixed,MIXED,CNN_RNND,2802,0.35786233097314835,0.2883879505097866,0.06947438418865204,
3,260819,mixed,MIXED,CNN_RNND,2803,0.36033691093325615,0.2879038602113724,0.07243306073360145,
3,260819,mixed,MIXED,CNN_RNND,2804,0.2865761583670974,0.23494180757552385,0.05163434997666627,
3,260819,mixed,MIXED,CNN_RNND,2805,0.49213898181915283,0.3916161507368088,0.1005228292196989,
3,260819,mixed,MIXED,CNN_RNND,2806,0.47504399716854095,0.37182527408003807,0.10321872704662383,
3,260819,mixed,MIXED,CNN_RNND,2807,0.4310673698782921,0.3479773998260498,0.08308997284621,
3,260819,mixed,MIXED,CNN_RNND,2808,0.5142489783465862,0.4064629301428795,0.10778606403619051,
3,260819,mixed,MIXED,CNN_RNND,2809,0.28459029644727707,0.2339836247265339,0.05060667358338833,
3,260819,mixed,MIXED,CNN_RNND,2810,0.4713108725845814,0.3682791143655777,0.1030317610129714,
3,260819,mixed,MIXED,CNN_RNND,2811,0.41382433101534843,0.32670316845178604,0.08712115581147373,
3,260819,mixed,MIXED,CNN_RNND,2812,0.3833925947546959,0.3101799115538597,0.07321268692612648,
3,260819,mixed,MIXED,CNN_RNND,2813,0.3283988479524851,0.2637047581374645,0.06469408189877868,
3,260819,mixed,MIXED,CNN_RNND,2814,0.6085123494267464,0.4835827723145485,0.12492957897484303,
3,260819,mixed,MIXED,CNN_RNND,2815,0.4176057018339634,0.3334490805864334,0.08415661845356226,
3,260819,mixed,MIXED,CNN_RNND,2816,0.41914407908916473,0.3293604850769043,0.08978360332548618,
3,260819,mixed,MIXED,CNN_RNND,2817,0.4680730476975441,0.377154603600502,0.09091844223439693,
3,260819,mixed,MIXED,CNN_RNND,2818,0.5530230849981308,0.42561275511980057,0.12741032615303993,
3,260819,mixed,MIXED,CNN_RNND,2819,0.5014001205563545,0.39550913870334625,0.10589098185300827,
3,260819,mixed,MIXED,CNN_RNND,2820,0.4471350163221359,0.35384734719991684,0.09328766353428364,
3,260819,mixed,MIXED,CNN_RNND,2821,0.41790733486413956,0.3397090956568718,0.07819823827594519,
3,260819,mixed,MIXED,CNN_RNND,2822,0.4630848318338394,0.3660486936569214,0.09703612327575684,
3,260819,mixed,MIXED,CNN_RNND,2823,0.26302564702928066,0.21577097102999687,0.0472546755336225,
3,260819,mixed,MIXED,CNN_RNND,2824,0.5540090352296829,0.43252674490213394,0.12148228473961353,
3,260819,mixed,MIXED,CNN_RNND,2825,0.39990934915840626,0.32321733981370926,0.07669201213866472,
3,260819,mixed,MIXED,CNN_RNND,2826,0.3808610960841179,0.30628909915685654,0.07457199553027749,
3,260819,mixed,MIXED,CNN_RNND,2827,0.637558102607727,0.4959811568260193,0.14157694950699806,
3,260819,mixed,MIXED,CNN_RNND,2828,0.40617548674345016,0.3241620361804962,0.08201345521956682,
3,260819,mixed,MIXED,CNN_RNND,2829,0.5527720302343369,0.4385346919298172,0.11423734854906797,
3,260819,mixed,MIXED,CNN_RNND,2830,0.4379628226161003,0.34269262850284576,0.09527020156383514,
3,260819,mixed,MIXED,CNN_RNND,2831,0.48305390030145645,0.3764372766017914,0.10661661811172962,
3,260819,mixed,MIXED,CNN_RNND,2832,0.38035962358117104,0.3062724694609642,0.07408714946359396,
3,260819,mixed,MIXED,CNN_RNND,2833,0.3978010341525078,0.3159719780087471,0.08182905986905098,
3,260819,mixed,MIXED,CNN_RNND,2834,0.3708938881754875,0.29786955565214157,0.07302432879805565,
3,260819,mixed,MIXED,CNN_RNND,2835,0.3052020724862814,0.24989473447203636,0.055307335569523275,
3,260819,mixed,MIXED,CNN_RNND,2836,0.2839220464229584,0.2374201938509941,0.04650185536593199,
3,260819,mixed,MIXED,CNN_RNND,2837,0.561285674571991,0.43433525413274765,0.12695041671395302,
3,260819,mixed,MIXED,CNN_RNND,2838,0.27185996249318123,0.22145896032452583,0.0504010048462078,
3,260819,mixed,MIXED,CNN_RNND,2839,0.5441649705171585,0.4213227331638336,0.12284223269671202,
3,260819,mixed,MIXED,CNN_RNND,2840,0.4523402824997902,0.36439566500484943,0.08794461493380368,
3,260819,mixed,MIXED,CNN_RNND,2841,0.4330749958753586,0.35160838067531586,0.08146660914644599,
3,260819,mixed,MIXED,CNN_RNND,2842,0.3223829697817564,0.26036511547863483,0.062017851043492556,
3,260819,mixed,MIXED,CNN_RNND,2843,0.42212776467204094,0.3305553738027811,0.09157238993793726,
3,260819,mixed,MIXED,CNN_RNND,2844,0.4663677606731653,0.36643992736935616,0.09992782399058342,
3,260819,mixed,MIXED,CNN_RNND,2845,0.2788195125758648,0.22926274687051773,0.049556768499314785,
3,260819,mixed,MIXED,CNN_RNND,2846,0.46158093214035034,0.37281087785959244,0.08877004683017731,
3,260819,mixed,MIXED,CNN_RNND,2847,0.38196007162332535,0.30480431765317917,0.07715575024485588,
3,260819,mixed,MIXED,CNN_RNND,2848,0.48907245695590973,0.3826889544725418,0.10638349503278732,
3,260819,mixed,MIXED,CNN_RNND,2849,0.45512805134058,0.3616979792714119,0.09343007393181324,
3,260819,mixed,MIXED,CNN_RNND,2850,0.4437120296061039,0.35070131346583366,0.09301071241497993,
3,260819,mixed,MIXED,CNN_RNND,2851,0.272139348089695,0.2284449189901352,0.04369443142786622,
3,260819,mixed,MIXED,CNN_RNND,2852,0.37855856865644455,0.31107404455542564,0.06748452875763178,
3,260819,mixed,MIXED,CNN_RNND,2853,0.4263523928821087,0.34018536657094955,0.0861670314334333,
3,260819,mixed,MIXED,CNN_RNND,2854,0.5611316189169884,0.445584699511528,0.1155469212681055,
3,260819,mixed,MIXED,CNN_RNND,2855,0.5393304117023945,0.4225326105952263,0.11679780576378107,
3,260819,mixed,MIXED,CNN_RNND,2856,0.5359993651509285,0.41925232112407684,0.11674704775214195,
3,260819,mixed,MIXED,CNN_RNND,2857,0.4128306992352009,0.3343418501317501,0.07848884491249919,
3,260819,mixed,MIXED,CNN_RNND,2858,0.4865521863102913,0.38358859717845917,0.10296359611675143,
3,260819,mixed,MIXED,CNN_RNND,2859,0.5272001512348652,0.411141112446785,0.11605903436429799,
3,260819,mixed,MIXED,CNN_RNND,2860,0.3440105468034744,0.2814052812755108,0.06260526925325394,
3,260819,mixed,MIXED,CNN_RNND,2861,0.46289467066526413,0.36828017979860306,0.09461448900401592,
3,260819,mixed,MIXED,CNN_RNND,2862,0.5390881597995758,0.42925748974084854,0.10983066074550152,
3,260819,mixed,MIXED,CNN_RNND,2863,0.3408865351229906,0.2792932912707329,0.06159322877647355,
3,260819,mixed,MIXED,CNN_RNND,2864,0.46278271824121475,0.36919737607240677,0.09358534310013056,
3,260819,mixed,MIXED,CNN_RNND,2865,0.44821562618017197,0.3521428667008877,0.09607275668531656,
3,260819,mixed,MIXED,CNN_RNND,2866,0.3952743820846081,0.3163549602031708,0.07891941722482443,
3,260819,mixed,MIXED,CNN_RNND,2867,0.5945468842983246,0.4722098261117935,0.12233704794198275,
3,260819,mixed,MIXED,CNN_RNND,2868,0.38138697296380997,0.31585443392395973,0.06553253997117281,
3,260819,mixed,MIXED,CNN_RNND,2869,0.5918359160423279,0.4673148840665817,0.12452101334929466,
3,260819,mixed,MIXED,CNN_RNND,2870,0.35033952444791794,0.2773758228868246,0.07296369411051273,
3,260819,mixed,MIXED,CNN_RNND,2871,0.44361940398812294,0.35676179826259613,0.08685761131346226,
3,260819,mixed,MIXED,CNN_RNND,2872,0.547487735748291,0.42713435739278793,0.1203533811494708,
3,260819,mixed,MIXED,CNN_RNND,2873,0.5257848612964153,0.41394829750061035,0.11183655355125666,
3,260819,mixed,MIXED,CNN_RNND,2874,0.604340597987175,0.47456321865320206,0.12977737560868263,
3,260819,mixed,MIXED,CNN_RNND,2875,0.3813992701470852,0.3051670752465725,0.07623219769448042,
3,260819,mixed,MIXED,CNN_RNND,2876,0.4056982100009918,0.3351106680929661,0.07058754563331604,
3,260819,mixed,MIXED,CNN_RNND,2877,0.3724316880106926,0.30293115228414536,0.06950053200125694,
3,260819,mixed,MIXED,CNN_RNND,2878,0.3794424273073673,0.30624958872795105,0.07319283206015825,
3,260819,mixed,MIXED,CNN_RNND,2879,0.4072791785001755,0.32631953060626984,0.08095964719541371,
3,260819,mixed,MIXED,CNN_RNND,2880,0.27614786848425865,0.23054636642336845,0.04560149909229949,
3,260819,mixed,MIXED,CNN_RNND,2881,0.4004293028265238,0.32182336412370205,0.07860593008808792,
3,260819,mixed,MIXED,CNN_RNND,2882,0.40275605767965317,0.3252818360924721,0.07747421879321337,
3,260819,mixed,MIXED,CNN_RNND,2883,0.3108012266457081,0.2515561506152153,0.05924507603049278,
3,260819,mixed,MIXED,CNN_RNND,2884,0.49683691188693047,0.38746272772550583,0.10937417950481176,
3,260819,mixed,MIXED,CNN_RNND,2885,0.3282189816236496,0.2671188414096832,0.06110013648867607,
3,260819,mixed,MIXED,CNN_RNND,2886,0.36054468899965286,0.2922324500977993,0.06831222772598267,
3,260819,mixed,MIXED,CNN_RNND,2887,0.5837364718317986,0.4551254063844681,0.12861107848584652,
3,260819,mixed,MIXED,CNN_RNND,2888,0.4813581593334675,0.38838131725788116,0.09297683741897345,
3,260819,mixed,MIXED,CNN_RNND,2889,0.3352971263229847,0.27132584527134895,0.06397127592936158,
3,260819,mixed,MIXED,CNN_RNND,2890,0.38287530466914177,0.30516837537288666,0.07770692789927125,
3,260819,mixed,MIXED,CNN_RNND,2891,0.26713429391384125,0.2177758924663067,0.04935839772224426,
3,260819,mixed,MIXED,CNN_RNND,2892,0.4021611101925373,0.325980830937624,0.07618028111755848,
3,260819,mixed,MIXED,CNN_RNND,2893,0.2837539277970791,0.23997236043214798,0.04378157388418913,
3,260819,mixed,MIXED,CNN_RNND,2894,0.3185047432780266,0.2631884701550007,0.05531627591699362,
3,260819,mixed,MIXED,CNN_RNND,2895,0.45347706973552704,0.36468610540032387,0.08879096899181604,
3,260819,mixed,MIXED,CNN_RNND,2896,0.35035791620612144,0.2788451947271824,0.07151271402835846,
3,260819,mixed,MIXED,CNN_RNND,2897,0.4013430327177048,0.3177799675613642,0.08356307027861476,
3,260819,mixed,MIXED,CNN_RNND,2898,0.4886902719736099,0.3830280527472496,0.10566223040223122,
3,260819,mixed,MIXED,CNN_RNND,2899,0.5721051841974258,0.4449300765991211,0.12717510014772415,
3,260819,mixed,MIXED,CNN_RNND,2900,0.42962247878313065,0.3496888279914856,0.0799336414784193,
3,260819,mixed,MIXED,CNN_RNND,2901,0.4140867292881012,0.32969236746430397,0.0843943590298295,
3,260819,mixed,MIXED,CNN_RNND,2902,0.4709131792187691,0.37069159746170044,0.10022158734500408,
3,260819,mixed,MIXED,CNN_RNND,2903,0.4212112985551357,0.3400123789906502,0.08119892328977585,
3,260819,mixed,MIXED,CNN_RNND,2904,0.41229935362935066,0.33119097352027893,0.08110837824642658,
3,260819,mixed,MIXED,CNN_RNND,2905,0.27577004209160805,0.2330750823020935,0.042694962583482265,
3,260819,mixed,MIXED,CNN_RNND,2906,0.2733800280839205,0.22849280759692192,0.04488721420057118,
3,260819,mixed,MIXED,CNN_RNND,2907,0.4511005785316229,0.35773175954818726,0.09336881281342357,
3,260819,mixed,MIXED,CNN_RNND,2908,0.38950958475470543,0.31357914209365845,0.07593044452369213,
3,260819,mixed,MIXED,CNN_RNND,2909,0.3231718987226486,0.2662544660270214,0.056917435489594936,
3,260819,mixed,MIXED,CNN_RNND,2910,0.4535002037882805,0.3537874072790146,0.09971279464662075,
3,260819,mixed,MIXED,CNN_RNND,2911,0.4094219207763672,0.3299655392765999,0.07945637963712215,
3,260819,mixed,MIXED,CNN_RNND,2912,0.2962023876607418,0.2449866347014904,0.05121574876829982,
3,260819,mixed,MIXED,CNN_RNND,2913,0.5067011117935181,0.40748487412929535,0.09921622835099697,
3,260819,mixed,MIXED,CNN_RNND,2914,0.24913174845278263,0.20525844022631645,0.04387331148609519,
3,260819,mixed,MIXED,CNN_RNND,2915,0.4421543553471565,0.3533613532781601,0.0887930104508996,
3,260819,mixed,MIXED,CNN_RNND,2916,0.3803286999464035,0.30465590581297874,0.07567279879003763,
3,260819,mixed,MIXED,CNN_RNND,2917,0.39719871059060097,0.3209443613886833,0.0762543361634016,
3,260819,mixed,MIXED,CNN_RNND,2918,0.32446304708719254,0.2626657783985138,0.06179727427661419,
3,260819,mixed,MIXED,CNN_RNND,2919,0.4478146955370903,0.3619370833039284,0.08587761782109737,
3,260819,mixed,MIXED,CNN_RNND,2920,0.31363555043935776,0.25525553338229656,0.05838002194650471,
3,260819,mixed,MIXED,CNN_RNND,2921,0.4019442703574896,0.3200340438634157,0.0819102207897231,
3,260819,mixed,MIXED,CNN_RNND,2922,0.45344606786966324,0.3661421798169613,0.08730388060212135,
3,260819,mixed,MIXED,CNN_RNND,2923,0.46210039407014847,0.36647383868694305,0.09562655165791512,
3,260819,mixed,MIXED,CNN_RNND,2924,0.3010163865983486,0.25266992673277855,0.04834646079689264,
3,260819,mixed,MIXED,CNN_RNND,2925,0.4877549558877945,0.3938991650938988,0.09385577589273453,
3,260819,mixed,MIXED,CNN_RNND,2926,0.4362977594137192,0.34488099813461304,0.0914167519658804,
3,260819,mixed,MIXED,CNN_RNND,2927,0.36429212987422943,0.29728519171476364,0.06700694374740124,
3,260819,mixed,MIXED,CNN_RNND,2928,0.4661559760570526,0.3765564560890198,0.08959951810538769,
3,260819,mixed,MIXED,CNN_RNND,2929,0.5224673971533775,0.4128200635313988,0.10964732617139816,
3,260819,mixed,MIXED,CNN_RNND,2930,0.4224228300154209,0.33157818391919136,0.0908446335233748,
3,260819,mixed,MIXED,CNN_RNND,2931,0.3752565197646618,0.30480794236063957,0.07044858345761895,
3,260819,mixed,MIXED,CNN_RNND,2932,0.44978950172662735,0.357053205370903,0.09273629728704691,
3,260819,mixed,MIXED,CNN_RNND,2933,0.15558124519884586,0.13356495648622513,0.022016284056007862,
3,260819,mixed,MIXED,CNN_RNND,2934,0.41442450135946274,0.329723596572876,0.08470090478658676,
3,260819,mixed,MIXED,CNN_RNND,2935,0.4649035260081291,0.3686795961111784,0.09622393269091845,
3,260819,mixed,MIXED,CNN_RNND,2936,0.40926308929920197,0.3281891644001007,0.0810739197768271,
3,260819,mixed,MIXED,CNN_RNND,2937,0.36624788865447044,0.29689244367182255,0.06935544474981725,
3,260819,mixed,MIXED,CNN_RNND,2938,0.3642980307340622,0.3003994710743427,0.06389856338500977,
3,260819,mixed,MIXED,CNN_RNND,2939,0.3916059397161007,0.31705405190587044,0.07455189898610115,
3,260819,mixed,MIXED,CNN_RNND,2940,0.44049055874347687,0.3476380258798599,0.0928525235503912,
3,260819,mixed,MIXED,CNN_RNND,2941,0.4038991015404463,0.3259605672210455,0.0779385301284492,
3,260819,mixed,MIXED,CNN_RNND,2942,0.4419860318303108,0.354967825114727,0.08701820205897093,
3,260819,mixed,MIXED,CNN_RNND,2943,0.32060285843908787,0.25382355973124504,0.06677929701982066,
3,260819,mixed,MIXED,CNN_RNND,2944,0.2913060858845711,0.24103417247533798,0.05027191340923309,
3,260819,mixed,MIXED,CNN_RNND,2945,0.46420034393668175,0.36854088306427,0.0956594618037343,
3,260819,mixed,MIXED,CNN_RNND,2946,0.46507127583026886,0.37702761590480804,0.08804365620017052,
3,260819,mixed,MIXED,CNN_RNND,2947,0.31353926099836826,0.2548646181821823,0.05867464328184724,
3,260819,mixed,MIXED,CNN_RNND,2948,0.24231671541929245,0.1970609538257122,0.045255760196596384,
3,260819,mixed,MIXED,CNN_RNND,2949,0.3690126407891512,0.2975553013384342,0.0714573364239186,
3,260819,mixed,MIXED,CNN_RNND,2950,0.4160008616745472,0.33642230927944183,0.07957855658605695,
3,260819,mixed,MIXED,CNN_RNND,2951,0.4913145825266838,0.3883109539747238,0.10300361923873425,
3,260819,mixed,MIXED,CNN_RNND,2952,0.6422624886035919,0.49845416098833084,0.14380832202732563,
3,260819,mixed,MIXED,CNN_RNND,2953,0.40322092175483704,0.32577262073755264,0.07744830660521984,
3,260819,mixed,MIXED,CNN_RNND,2954,0.5751843154430389,0.44664157181978226,0.12854274734854698,
3,260819,mixed,MIXED,CNN_RNND,2955,0.6064456701278687,0.46577515453100204,0.14067052491009235,
3,260819,mixed,MIXED,CNN_RNND,2956,0.38103172183036804,0.30220311135053635,0.0788286030292511,
3,260819,mixed,MIXED,CNN_RNND,2957,0.36028210259974003,0.29287089593708515,0.0674112148117274,
3,260819,mixed,MIXED,CNN_RNND,2958,0.29334497451782227,0.24022424966096878,0.05312072532251477,
3,260819,mixed,MIXED,CNN_RNND,2959,0.47617536038160324,0.3769245147705078,0.099250846542418,
3,260819,mixed,MIXED,CNN_RNND,2960,0.39287572354078293,0.3214694485068321,0.07140626758337021,
3,260819,mixed,MIXED,CNN_RNND,2961,0.39690466597676277,0.31237373128533363,0.08453093748539686,
3,260819,mixed,MIXED,CNN_RNND,2962,0.44969089329242706,0.3537178561091423,0.09597302414476871,
3,260819,mixed,MIXED,CNN_RNND,2963,0.44695380330085754,0.36056818068027496,0.08638561936095357,
3,260819,mixed,MIXED,CNN_RNND,2964,0.3594571426510811,0.2890351265668869,0.07042201887816191,
3,260819,mixed,MIXED,CNN_RNND,2965,0.41161494702100754,0.3311696872115135,0.08044526260346174,
3,260819,mixed,MIXED,CNN_RNND,2966,0.4027034714818001,0.32299624383449554,0.07970722950994968,
3,260819,mixed,MIXED,CNN_RNND,2967,0.35014945454895496,0.2818575017154217,0.06829195376485586,
3,260819,mixed,MIXED,CNN_RNND,2968,0.17576865665614605,0.1540560033172369,0.021712651592679322,
3,260819,mixed,MIXED,CNN_RNND,2969,0.3899690955877304,0.31007772870361805,0.07989136129617691,
3,260819,mixed,MIXED,CNN_RNND,2970,0.486693911254406,0.38690875470638275,0.09978516213595867,
3,260819,mixed,MIXED,CNN_RNND,2971,0.3417872413992882,0.279001209884882,0.06278602872043848,
3,260819,mixed,MIXED,CNN_RNND,2972,0.43874266371130943,0.3470582291483879,0.09168443363159895,
3,260819,mixed,MIXED,CNN_RNND,2973,0.4602191597223282,0.3579147085547447,0.10230445116758347,
3,260819,mixed,MIXED,CNN_RNND,2974,0.413687027990818,0.33196645602583885,0.08172058127820492,
3,260819,mixed,MIXED,CNN_RNND,2975,0.31225181370973587,0.2541874311864376,0.058064380660653114,
3,260819,mixed,MIXED,CNN_RNND,2976,0.6139030382037163,0.4679470658302307,0.14595597982406616,
3,260819,mixed,MIXED,CNN_RNND,2977,0.4162248522043228,0.33761484920978546,0.07861000671982765,
3,260819,mixed,MIXED,CNN_RNND,2978,0.3668933417648077,0.2985429912805557,0.06835034594405442,
3,260819,mixed,MIXED,CNN_RNND,2979,0.347858551889658,0.28037480637431145,0.06748374598100781,
3,260819,mixed,MIXED,CNN_RNND,2980,0.4591876417398453,0.36621352285146713,0.09297411143779755,
3,260819,mixed,MIXED,CNN_RNND,2981,0.37807410955429077,0.2993074655532837,0.07876664539799094,
3,260819,mixed,MIXED,CNN_RNND,2982,0.5328258126974106,0.42594459652900696,0.10688121244311333,
3,260819,mixed,MIXED,CNN_RNND,2983,0.4481685906648636,0.35828138142824173,0.08988721296191216,
3,260819,mixed,MIXED,CNN_RNND,2984,0.3283035233616829,0.2724370025098324,0.05586652783676982,
3,260819,mixed,MIXED,CNN_RNND,2985,0.24822579696774483,0.20956196263432503,0.03866383992135525,
3,260819,mixed,MIXED,CNN_RNND,2986,0.432328037917614,0.3501167669892311,0.08221126627177,
3,260819,mixed,MIXED,CNN_RNND,2987,0.21076353266835213,0.17821983993053436,0.03254368714988232,
3,260819,mixed,MIXED,CNN_RNND,2988,0.5609682574868202,0.4532472938299179,0.10772097669541836,
3,260819,mixed,MIXED,CNN_RNND,2989,0.5503408834338188,0.43106530606746674,0.11927558667957783,
3,260819,mixed,MIXED,CNN_RNND,2990,0.29080943018198013,0.23259314708411694,0.05821627774275839,
3,260819,mixed,MIXED,CNN_RNND,2991,0.27907978370785713,0.22501715645194054,0.054062625858932734,
3,260819,mixed,MIXED,CNN_RNND,2992,0.5625887215137482,0.44356466457247734,0.11902406439185143,
3,260819,mixed,MIXED,CNN_RNND,2993,0.4449127446860075,0.3480001036077738,0.09691263874992728,
3,260819,mixed,MIXED,CNN_RNND,2994,0.4527919366955757,0.3574223294854164,0.0953696221113205,
3,260819,mixed,MIXED,CNN_RNND,2995,0.40065956860780716,0.3232196345925331,0.07743993028998375,
3,260819,mixed,MIXED,CNN_RNND,2996,0.35083070769906044,0.28500767424702644,0.06582302832975984,
3,260819,mixed,MIXED,CNN_RNND,2997,0.5346310958266258,0.4196912832558155,0.11493981536477804,
3,260819,mixed,MIXED,CNN_RNND,2998,0.3565991669893265,0.2897947244346142,0.06680444348603487,
3,260819,mixed,MIXED,CNN_RNND,2999,0.4506101608276367,0.3603958301246166,0.09021433256566525,
3,260819,mixed,MIXED,CNN_RNND,3000,0.5103926286101341,0.40099871903657913,0.10939390771090984,-1.021429513291201
3,260819,mixed,MIXED,CNN_RNND,3001,0.4012674018740654,0.320077084004879,0.0811903178691864,
3,260819,mixed,MIXED,CNN_RNND,3002,0.2544972151517868,0.20984215661883354,0.04465505830012262,
3,260819,mixed,MIXED,CNN_RNND,3003,0.5518778786063194,0.4255831018090248,0.1262947740033269,
3,260819,mixed,MIXED,CNN_RNND,3004,0.4446003660559654,0.35293712466955185,0.0916632367298007,
3,260819,mixed,MIXED,CNN_RNND,3005,0.4437287300825119,0.3523901589214802,0.09133857418783009,
3,260819,mixed,MIXED,CNN_RNND,3006,0.34253823570907116,0.27556837908923626,0.06696985627058893,
3,260819,mixed,MIXED,CNN_RNND,3007,0.40146739035844803,0.3229159936308861,0.07855140324681997,
3,260819,mixed,MIXED,CNN_RNND,3008,0.3872566744685173,0.3179933615028858,0.06926331948488951,
3,260819,mixed,MIXED,CNN_RNND,3009,0.35824746266007423,0.2939106747508049,0.06433677859604359,
3,260819,mixed,MIXED,CNN_RNND,3010,0.34441880136728287,0.2865733727812767,0.05784542299807072,
3,260819,mixed,MIXED,CNN_RNND,3011,0.353940024971962,0.29267381876707077,0.06126620899885893,
3,260819,mixed,MIXED,CNN_RNND,3012,0.4876982942223549,0.3893160969018936,0.09838219359517097,
3,260819,mixed,MIXED,CNN_RNND,3013,0.35549321398139,0.2807359807193279,0.07475723884999752,
3,260819,mixed,MIXED,CNN_RNND,3014,0.5627356618642807,0.4397914186120033,0.12294424045830965,
3,260819,mixed,MIXED,CNN_RNND,3015,0.2631917353719473,0.21904601529240608,0.04414572147652507,
3,260819,mixed,MIXED,CNN_RNND,3016,0.3923138678073883,0.31569261103868484,0.07662125257775187,
3,260819,mixed,MIXED,CNN_RNND,3017,0.6041873842477798,0.46768008172512054,0.1365072950720787,
3,260819,mixed,MIXED,CNN_RNND,3018,0.3456807881593704,0.28320127353072166,0.062479523941874504,
3,260819,mixed,MIXED,CNN_RNND,3019,0.519207738339901,0.40808578580617905,0.11112195887835696,
3,260819,mixed,MIXED,CNN_RNND,3020,0.3610011637210846,0.29608726873993874,0.06491390336304903,
3,260819,mixed,MIXED,CNN_RNND,3021,0.49011656269431114,0.38745535910129547,0.10266121733002365,
3,260819,mixed,MIXED,CNN_RNND,3022,0.24549396336078644,0.20362624153494835,0.04186772298999131,
3,260819,mixed,MIXED,CNN_RNND,3023,0.5214447528123856,0.4150521010160446,0.10639266297221184,
3,260819,mixed,MIXED,CNN_RNND,3024,0.5836472809314728,0.4465496391057968,0.13709763810038567,
3,260819,mixed,MIXED,CNN_RNND,3025,0.42510711401700974,0.3427244573831558,0.0823826426640153,
3,260819,mixed,MIXED,CNN_RNND,3026,0.370009059086442,0.2964123822748661,0.07359667541459203,
3,260819,mixed,MIXED,CNN_RNND,3027,0.32267744094133377,0.26560303196310997,0.057074406649917364,
3,260819,mixed,MIXED,CNN_RNND,3028,0.4459618628025055,0.35319027304649353,0.09277159068733454,
3,260819,mixed,MIXED,CNN_RNND,3029,0.5125465840101242,0.4014829583466053,0.1110636256635189,
3,260819,mixed,MIXED,CNN_RNND,3030,0.5831664055585861,0.455696240067482,0.12747015617787838,
3,260819,mixed,MIXED,CNN_RNND,3031,0.44368328899145126,0.35197876766324043,0.09170452924445271,
3,260819,mixed,MIXED,CNN_RNND,3032,0.228805560618639,0.1968814730644226,0.03192409547045827,
3,260819,mixed,MIXED,CNN_RNND,3033,0.3600976374000311,0.28798378072679043,0.07211386179551482,
3,260819,mixed,MIXED,CNN_RNND,3034,0.5166778713464737,0.41142069548368454,0.10525716748088598,
3,260819,mixed,MIXED,CNN_RNND,3035,0.3591844253242016,0.2912653982639313,0.06791902938857675,
3,260819,mixed,MIXED,CNN_RNND,3036,0.5737852156162262,0.444536529481411,0.12924868520349264,
3,260819,mixed,MIXED,CNN_RNND,3037,0.5003593116998672,0.3909534066915512,0.10940590035170317,
3,260819,mixed,MIXED,CNN_RNND,3038,0.49138015508651733,0.3875514566898346,0.10382869839668274,
3,260819,mixed,MIXED,CNN_RNND,3039,0.32123538106679916,0.26926956698298454,0.05196580942720175,
3,260819,mixed,MIXED,CNN_RNND,3040,0.24289945885539055,0.20458026602864265,0.03831919573713094,
3,260819,mixed,MIXED,CNN_RNND,3041,0.4134191498160362,0.3380858525633812,0.07533329352736473,
3,260819,mixed,MIXED,CNN_RNND,3042,0.25551776587963104,0.21373511105775833,0.041782661341130733,
3,260819,mixed,MIXED,CNN_RNND,3043,0.39407963305711746,0.3161235526204109,0.07795609161257744,
3,260819,mixed,MIXED,CNN_RNND,3044,0.5008999481797218,0.393770057708025,0.10712988674640656,
3,260819,mixed,MIXED,CNN_RNND,3045,0.3342248611152172,0.26967280730605125,0.06455205217935145,
3,260819,mixed,MIXED,CNN_RNND,3046,0.2843671329319477,0.23218609392642975,0.05218104273080826,
3,260819,mixed,MIXED,CNN_RNND,3047,0.342849962413311,0.2821095008403063,0.06074045971035957,
3,260819,mixed,MIXED,CNN_RNND,3048,0.39258138462901115,0.31695398688316345,0.07562739169225097,
3,260819,mixed,MIXED,CNN_RNND,3049,0.4687759801745415,0.3790617287158966,0.08971424773335457,
3,260819,mixed,MIXED,CNN_RNND,3050,0.5466075167059898,0.42868488281965256,0.11792263016104698,
3,260819,mixed,MIXED,CNN_RNND,3051,0.37346016615629196,0.3040146976709366,0.06944547593593597,
3,260819,mixed,MIXED,CNN_RNND,3052,0.3279644101858139,0.2714413180947304,0.0565230892971158,
3,260819,mixed,MIXED,CNN_RNND,3053,0.43936433643102646,0.3493630103766918,0.09000133210793138,
3,260819,mixed,MIXED,CNN_RNND,3054,0.38757284730672836,0.3149818629026413,0.0725909792818129,
3,260819,mixed,MIXED,CNN_RNND,3055,0.3576299250125885,0.29109760001301765,0.06653232779353857,
3,260819,mixed,MIXED,CNN_RNND,3056,0.4928539767861366,0.3928616866469383,0.09999229200184345,
3,260819,mixed,MIXED,CNN_RNND,3057,0.3809017203748226,0.3101496025919914,0.07075211266055703,
3,260819,mixed,MIXED,CNN_RNND,3058,0.4505569152534008,0.35759390890598297,0.0929629928432405,
3,260819,mixed,MIXED,CNN_RNND,3059,0.5557374134659767,0.442697249352932,0.11304015666246414,
3,260819,mixed,MIXED,CNN_RNND,3060,0.4792330339550972,0.37956197932362556,0.09967104811221361,
3,260819,mixed,MIXED,CNN_RNND,3061,0.40898021310567856,0.32793544977903366,0.08104475867003202,
3,260819,mixed,MIXED,CNN_RNND,3062,0.38788580149412155,0.308997318148613,0.07888848520815372,
3,260819,mixed,MIXED,CNN_RNND,3063,0.41269320994615555,0.33218082040548325,0.08051238814368844,
3,260819,mixed,MIXED,CNN_RNND,3064,0.4265630692243576,0.34166669845581055,0.08489638194441795,
3,260819,mixed,MIXED,CNN_RNND,3065,0.36624006927013397,0.29448816552758217,0.07175189955160022,
3,260819,mixed,MIXED,CNN_RNND,3066,0.4620058014988899,0.36017630621790886,0.10182948969304562,
3,260819,mixed,MIXED,CNN_RNND,3067,0.44224895536899567,0.35687828436493874,0.0853706574998796,
3,260819,mixed,MIXED,CNN_RNND,3068,0.27200908958911896,0.22680016979575157,0.045208919793367386,
3,260819,mixed,MIXED,CNN_RNND,3069,0.3349587023258209,0.2751733362674713,0.05978537583723664,
3,260819,mixed,MIXED,CNN_RNND,3070,0.34367407858371735,0.27934183925390244,0.0643322435207665,
3,260819,mixed,MIXED,CNN_RNND,3071,0.3682515621185303,0.30405525490641594,0.06419629696756601,
3,260819,mixed,MIXED,CNN_RNND,3072,0.4229194447398186,0.33787715807557106,0.08504229446407408,
3,260819,mixed,MIXED,CNN_RNND,3073,0.4138789251446724,0.33151936531066895,0.08235956355929375,
3,260819,mixed,MIXED,CNN_RNND,3074,0.44014982506632805,0.3569037728011608,0.08324605412781239,
3,260819,mixed,MIXED,CNN_RNND,3075,0.4596020393073559,0.36314819008111954,0.09645383851602674,
3,260819,mixed,MIXED,CNN_RNND,3076,0.49885624647140503,0.3837665505707264,0.11508969403803349,
3,260819,mixed,MIXED,CNN_RNND,3077,0.4686993137001991,0.37291233986616135,0.09578696638345718,
3,260819,mixed,MIXED,CNN_RNND,3078,0.49531619250774384,0.3910440132021904,0.10427218768745661,
3,260819,mixed,MIXED,CNN_RNND,3079,0.3141366224735975,0.25591225922107697,0.05822436371818185,
3,260819,mixed,MIXED,CNN_RNND,3080,0.518348440527916,0.4108245223760605,0.10752391256392002,
3,260819,mixed,MIXED,CNN_RNND,3081,0.4791294112801552,0.38395143672823906,0.09517797199077904,
3,260819,mixed,MIXED,CNN_RNND,3082,0.42430315539240837,0.34510140120983124,0.07920175045728683,
3,260819,mixed,MIXED,CNN_RNND,3083,0.3832224905490875,0.31494804844260216,0.06827444303780794,
3,260819,mixed,MIXED,CNN_RNND,3084,0.3524257279932499,0.27935709431767464,0.07306863181293011,
3,260819,mixed,MIXED,CNN_RNND,3085,0.33054831996560097,0.2680714186280966,0.062476906925439835,
3,260819,mixed,MIXED,CNN_RNND,3086,0.5833457857370377,0.4551459029316902,0.1281998883932829,
3,260819,mixed,MIXED,CNN_RNND,3087,0.29800017550587654,0.2450050711631775,0.05299509968608618,
3,260819,mixed,MIXED,CNN_RNND,3088,0.5571973472833633,0.4353076070547104,0.12188972532749176,
3,260819,mixed,MIXED,CNN_RNND,3089,0.502996489405632,0.3997751697897911,0.10322132520377636,
3,260819,mixed,MIXED,CNN_RNND,3090,0.2756740599870682,0.22719749808311462,0.04847655398771167,
3,260819,mixed,MIXED,CNN_RNND,3091,0.5059206560254097,0.40071411430835724,0.10520654730498791,
3,260819,mixed,MIXED,CNN_RNND,3092,0.4059112537652254,0.3250091001391411,0.08090215630363673,
3,260819,mixed,MIXED,CNN_RNND,3093,0.3736066482961178,0.2991156540811062,0.0744909942150116,
3,260819,mixed,MIXED,CNN_RNND,3094,0.44279043190181255,0.3512236010283232,0.09156682225875556,
3,260819,mixed,MIXED,CNN_RNND,3095,0.5120341554284096,0.4109339788556099,0.10110018402338028,
3,260819,mixed,MIXED,CNN_RNND,3096,0.4962003380060196,0.3867323771119118,0.10946795158088207,
3,260819,mixed,MIXED,CNN_RNND,3097,0.43271560594439507,0.35036569833755493,0.08234991086646914,
3,260819,mixed,MIXED,CNN_RNND,3098,0.2992349714040756,0.2484862431883812,0.05074872728437185,
3,260819,mixed,MIXED,CNN_RNND,3099,0.3130329456180334,0.2559609040617943,0.05707203422207385,
3,260819,mixed,MIXED,CNN_RNND,3100,0.6292462795972824,0.4916745014488697,0.13757177768275142,
3,260819,mixed,MIXED,CNN_RNND,3101,0.5717185214161873,0.4515761621296406,0.1201423667371273,
3,260819,mixed,MIXED,CNN_RNND,3102,0.3142615333199501,0.258742306381464,0.05551922740414739,
3,260819,mixed,MIXED,CNN_RNND,3103,0.49869297444820404,0.39579980447888374,0.1028931625187397,
3,260819,mixed,MIXED,CNN_RNND,3104,0.5228384584188461,0.4160098135471344,0.10682864300906658,
3,260819,mixed,MIXED,CNN_RNND,3105,0.352531973272562,0.27874133363366127,0.07379064243286848,
3,260819,mixed,MIXED,CNN_RNND,3106,0.4687134213745594,0.36978964880108833,0.09892377268988639,
3,260819,mixed,MIXED,CNN_RNND,3107,0.4258842524141073,0.335646566003561,0.090237692813389,
3,260819,mixed,MIXED,CNN_RNND,3108,0.31868186965584755,0.26016013510525227,0.05852173367748037,
3,260819,mixed,MIXED,CNN_RNND,3109,0.34335932508111,0.27655065059661865,0.06680866878014058,
3,260819,mixed,MIXED,CNN_RNND,3110,0.37349361553788185,0.3039400391280651,0.06955357734113932,
3,260819,mixed,MIXED,CNN_RNND,3111,0.41130539029836655,0.3340807892382145,0.07722459174692631,
3,260819,mixed,MIXED,CNN_RNND,3112,0.48082824796438217,0.3820902109146118,0.09873804450035095,
3,260819,mixed,MIXED,CNN_RNND,3113,0.4733947068452835,0.3703282028436661,0.10306649096310139,
3,260819,mixed,MIXED,CNN_RNND,3114,0.4832170605659485,0.382098488509655,0.10111857205629349,
3,260819,mixed,MIXED,CNN_RNND,3115,0.35901140980422497,0.2793354708701372,0.07967593148350716,
3,260819,mixed,MIXED,CNN_RNND,3116,0.3567337468266487,0.29734596237540245,0.059387789107859135,
3,260819,mixed,MIXED,CNN_RNND,3117,0.41964435391128063,0.3300436735153198,0.08960066619329154,
3,260819,mixed,MIXED,CNN_RNND,3118,0.5756376385688782,0.4493797644972801,0.12625788245350122,
3,260819,mixed,MIXED,CNN_RNND,3119,0.39557095617055893,0.3181336000561714,0.07743735192343593,
3,260819,mixed,MIXED,CNN_RNND,3120,0.29529018700122833,0.24271882325410843,0.05257136281579733,
3,260819,mixed,MIXED,CNN_RNND,3121,0.44534944370388985,0.3550737574696541,0.0902756960131228,
3,260819,mixed,MIXED,CNN_RNND,3122,0.35353855416178703,0.2919073700904846,0.06163118872791529,
3,260819,mixed,MIXED,CNN_RNND,3123,0.47332368791103363,0.37876972556114197,0.09455396607518196,
3,260819,mixed,MIXED,CNN_RNND,3124,0.292600279673934,0.24590452946722507,0.046695744968019426,
3,260819,mixed,MIXED,CNN_RNND,3125,0.4158221334218979,0.32813552767038345,0.08768660761415958,
3,260819,mixed,MIXED,CNN_RNND,3126,0.3416322283446789,0.28390268981456757,0.05772952735424042,
3,260819,mixed,MIXED,CNN_RNND,3127,0.431206114590168,0.3437058553099632,0.08750025555491447,
3,260819,mixed,MIXED,CNN_RNND,3128,0.5735026821494102,0.4551074430346489,0.11839524749666452,
3,260819,mixed,MIXED,CNN_RNND,3129,0.29441168159246445,0.2370280623435974,0.05738362483680248,
3,260819,mixed,MIXED,CNN_RNND,3130,0.48262349888682365,0.3844362050294876,0.09818728920072317,
3,260819,mixed,MIXED,CNN_RNND,3131,0.6930345445871353,0.53907510638237,0.1539594531059265,
3,260819,mixed,MIXED,CNN_RNND,3132,0.5628112405538559,0.43317023664712906,0.12964099645614624,
3,260819,mixed,MIXED,CNN_RNND,3133,0.417586125433445,0.33017314225435257,0.08741299249231815,
3,260819,mixed,MIXED,CNN_RNND,3134,0.3240141998976469,0.26619701460003853,0.05781718227081001,
3,260819,mixed,MIXED,CNN_RNND,3135,0.4493335410952568,0.35894228518009186,0.09039124846458435,
3,260819,mixed,MIXED,CNN_RNND,3136,0.4035482034087181,0.32791874557733536,0.07562946248799562,
3,260819,mixed,MIXED,CNN_RNND,3137,0.5443827658891678,0.42180656641721725,0.12257619760930538,
3,260819,mixed,MIXED,CNN_RNND,3138,0.4595787972211838,0.36425336822867393,0.09532541513908654,
3,260819,mixed,MIXED,CNN_RNND,3139,0.26880405470728874,0.2316676527261734,0.03713640896603465,
3,260819,mixed,MIXED,CNN_RNND,3140,0.5164858773350716,0.41581134498119354,0.10067455191165209,
3,260819,mixed,MIXED,CNN_RNND,3141,0.4203672334551811,0.3385140374302864,0.08185319951735437,
3,260819,mixed,MIXED,CNN_RNND,3142,0.4970581531524658,0.3967012092471123,0.10035694669932127,
3,260819,mixed,MIXED,CNN_RNND,3143,0.5421989783644676,0.4314534589648247,0.11074552498757839,
3,260819,mixed,MIXED,CNN_RNND,3144,0.5102813169360161,0.4119730666279793,0.09830824565142393,
3,260819,mixed,MIXED,CNN_RNND,3145,0.40990180522203445,0.3281727656722069,0.08172902930527925,
3,260819,mixed,MIXED,CNN_RNND,3146,0.2690419442951679,0.2265762872993946,0.042465659556910396,
3,260819,mixed,MIXED,CNN_RNND,3147,0.4523695707321167,0.3643712103366852,0.08799836039543152,
3,260819,mixed,MIXED,CNN_RNND,3148,0.42903732135891914,0.342659629881382,0.0863776826299727,
3,260819,mixed,MIXED,CNN_RNND,3149,0.2751207873225212,0.23029272630810738,0.04482805961742997,
3,260819,mixed,MIXED,CNN_RNND,3150,0.3646407499909401,0.2972295358777046,0.06741122156381607,
3,260819,mixed,MIXED,CNN_RNND,3151,0.22564344480633736,0.19178351014852524,0.03385993686970323,
3,260819,mixed,MIXED,CNN_RNND,3152,0.2502065561711788,0.2115403153002262,0.038666242733597755,
3,260819,mixed,MIXED,CNN_RNND,3153,0.44696830958127975,0.3611741364002228,0.08579416386783123,
3,260819,mixed,MIXED,CNN_RNND,3154,0.36604905501008034,0.29862601310014725,0.06742304237559438,
3,260819,mixed,MIXED,CNN_RNND,3155,0.4768833518028259,0.38271139562129974,0.09417195618152618,
3,260819,mixed,MIXED,CNN_RNND,3156,0.21678674593567848,0.18829679116606712,0.02848995290696621,
3,260819,mixed,MIXED,CNN_RNND,3157,0.3648385889828205,0.29265524819493294,0.0721833435818553,
3,260819,mixed,MIXED,CNN_RNND,3158,0.4149543270468712,0.3322480395436287,0.08270629029721022,
3,260819,mixed,MIXED,CNN_RNND,3159,0.31880560889840126,0.2631258964538574,0.05567971896380186,
3,260819,mixed,MIXED,CNN_RNND,3160,0.4353163577616215,0.35069188475608826,0.08462446881458163,
3,260819,mixed,MIXED,CNN_RNND,3161,0.41823621839284897,0.33683811128139496,0.08139810711145401,
3,260819,mixed,MIXED,CNN_RNND,3162,0.3678391594439745,0.30012705363333225,0.06771211349405348,
3,260819,mixed,MIXED,CNN_RNND,3163,0.5108756795525551,0.40761423110961914,0.1032614465802908,
3,260819,mixed,MIXED,CNN_RNND,3164,0.5250491797924042,0.40840065479278564,0.11664853058755398,
3,260819,mixed,MIXED,CNN_RNND,3165,0.42962418124079704,0.3430207632482052,0.0866034128703177,
3,260819,mixed,MIXED,CNN_RNND,3166,0.3084019925445318,0.2525777705013752,0.05582422646693885,
3,260819,mixed,MIXED,CNN_RNND,3167,0.31988196820020676,0.26133056730031967,0.058551395777612925,
3,260819,mixed,MIXED,CNN_RNND,3168,0.5069242119789124,0.39687544107437134,0.11004876717925072,
3,260819,mixed,MIXED,CNN_RNND,3169,0.27455541864037514,0.23245814070105553,0.042097281431779265,
3,260819,mixed,MIXED,CNN_RNND,3170,0.2802840583026409,0.23478008061647415,0.04550398467108607,
3,260819,mixed,MIXED,CNN_RNND,3171,0.480759896337986,0.3767028972506523,0.1040569981560111,
3,260819,mixed,MIXED,CNN_RNND,3172,0.4282376803457737,0.3445874713361263,0.08365020365454257,
3,260819,mixed,MIXED,CNN_RNND,3173,0.4421830400824547,0.3495216891169548,0.09266135096549988,
3,260819,mixed,MIXED,CNN_RNND,3174,0.44613081216812134,0.3561774380505085,0.08995336852967739,
3,260819,mixed,MIXED,CNN_RNND,3175,0.5233203396201134,0.40727487206459045,0.1160454647615552,
3,260819,mixed,MIXED,CNN_RNND,3176,0.4810394048690796,0.37661340460181236,0.10442599095404148,
3,260819,mixed,MIXED,CNN_RNND,3177,0.33789243921637535,0.27219096571207047,0.06570147001184523,
3,260819,mixed,MIXED,CNN_RNND,3178,0.3029434531927109,0.2543775774538517,0.04856586968526244,
3,260819,mixed,MIXED,CNN_RNND,3179,0.3005979619920254,0.24853830598294735,0.0520596532151103,
3,260819,mixed,MIXED,CNN_RNND,3180,0.5030603483319283,0.4061696454882622,0.09689069725573063,
3,260819,mixed,MIXED,CNN_RNND,3181,0.5011158734560013,0.3944142088294029,0.10670165158808231,
3,260819,mixed,MIXED,CNN_RNND,3182,0.5412969514727592,0.42703307792544365,0.1142638772726059,
3,260819,mixed,MIXED,CNN_RNND,3183,0.3359255716204643,0.2726019322872162,0.06332364212721586,
3,260819,mixed,MIXED,CNN_RNND,3184,0.20127274468541145,0.17865892499685287,0.022613824519794434,
3,260819,mixed,MIXED,CNN_RNND,3185,0.2997077852487564,0.25160592049360275,0.04810187499970198,
3,260819,mixed,MIXED,CNN_RNND,3186,0.4120880253612995,0.33013394474983215,0.08195409551262856,
3,260819,mixed,MIXED,CNN_RNND,3187,0.3078179210424423,0.2537865713238716,0.05403134087100625,
3,260819,mixed,MIXED,CNN_RNND,3188,0.35422607883810997,0.29033688455820084,0.06388919148594141,
3,260819,mixed,MIXED,CNN_RNND,3189,0.3808888178318739,0.3046363592147827,0.0762524627498351,
3,260819,mixed,MIXED,CNN_RNND,3190,0.221238661557436,0.18731271848082542,0.03392594074830413,
3,260819,mixed,MIXED,CNN_RNND,3191,0.4350384660065174,0.35073570534586906,0.08430277043953538,
3,260819,mixed,MIXED,CNN_RNND,3192,0.38342639058828354,0.31040430068969727,0.07302209408953786,
3,260819,mixed,MIXED,CNN_RNND,3193,0.6294072568416595,0.4975491538643837,0.1318580936640501,
3,260819,mixed,MIXED,CNN_RNND,3194,0.28869523480534554,0.2391528394073248,0.04954240645747632,
3,260819,mixed,MIXED,CNN_RNND,3195,0.38669439405202866,0.3095650374889374,0.07712935749441385,
3,260819,mixed,MIXED,CNN_RNND,3196,0.3253427464514971,0.26756694726645947,0.05777579778805375,
3,260819,mixed,MIXED,CNN_RNND,3197,0.37158264964818954,0.29673679918050766,0.07484584487974644,
3,260819,mixed,MIXED,CNN_RNND,3198,0.532974012196064,0.4243287034332752,0.10864530503749847,
3,260819,mixed,MIXED,CNN_RNND,3199,0.4866546541452408,0.389909490942955,0.09674516320228577,
3,260819,mixed,MIXED,CNN_RNND,3200,0.5381546467542648,0.43124134466052055,0.10691331513226032,-1.0190389437559277
3,260819,mixed,MIXED,CNN_RNND,3201,0.47689371183514595,0.3773849979043007,0.09950871858745813,
3,260819,mixed,MIXED,CNN_RNND,3202,0.417107492685318,0.33247384056448936,0.08463365584611893,
3,260819,mixed,MIXED,CNN_RNND,3203,0.39382975548505783,0.31858759745955467,0.07524215802550316,
3,260819,mixed,MIXED,CNN_RNND,3204,0.41492515057325363,0.33034802600741386,0.08457711734808981,
3,260819,mixed,MIXED,CNN_RNND,3205,0.34060734137892723,0.274554381147027,0.0660529604065232,
3,260819,mixed,MIXED,CNN_RNND,3206,0.4263911433517933,0.335580637678504,0.09081049589440227,
3,260819,mixed,MIXED,CNN_RNND,3207,0.4376760423183441,0.3527512699365616,0.08492477983236313,
3,260819,mixed,MIXED,CNN_RNND,3208,0.35095876082777977,0.28306425735354424,0.06789450091309845,
3,260819,mixed,MIXED,CNN_RNND,3209,0.424002842977643,0.33917879126966,0.084824048448354,
3,260819,mixed,MIXED,CNN_RNND,3210,0.38830695301294327,0.31829918920993805,0.07000776287168264,
3,260819,mixed,MIXED,CNN_RNND,3211,0.3445935696363449,0.2802649550139904,0.06432861264329404,
3,260819,mixed,MIXED,CNN_RNND,3212,0.33502742275595665,0.2766464091837406,0.058381020091474056,
3,260819,mixed,MIXED,CNN_RNND,3213,0.488549642264843,0.38977496325969696,0.09877467900514603,
3,260819,mixed,MIXED,CNN_RNND,3214,0.3746526166796684,0.30325671285390854,0.07139590755105019,
3,260819,mixed,MIXED,CNN_RNND,3215,0.4243621826171875,0.3352446220815182,0.08911756984889507,
3,260819,mixed,MIXED,CNN_RNND,3216,0.43235504627227783,0.337269838899374,0.09508521016687155,
3,260819,mixed,MIXED,CNN_RNND,3217,0.5609415024518967,0.43898820132017136,0.12195328995585442,
3,260819,mixed,MIXED,CNN_RNND,3218,0.3742448166012764,0.30290044471621513,0.07134436001069844,
3,260819,mixed,MIXED,CNN_RNND,3219,0.363668330013752,0.2949061580002308,0.06876218039542437,
3,260819,mixed,MIXED,CNN_RNND,3220,0.3640773892402649,0.29891667142510414,0.0651607271283865,
3,260819,mixed,MIXED,CNN_RNND,3221,0.5020400173962116,0.3951012082397938,0.10693881567567587,
3,260819,mixed,MIXED,CNN_RNND,3222,0.4423293098807335,0.34845224395394325,0.09387707361020148,
3,260819,mixed,MIXED,CNN_RNND,3223,0.3056945540010929,0.25204654783010483,0.05364799895323813,
3,260819,mixed,MIXED,CNN_RNND,3224,0.42048245295882225,0.33386019989848137,0.08662225492298603,
3,260819,mixed,MIXED,CNN_RNND,3225,0.3443394713103771,0.27690290845930576,0.06743655982427299,
3,260819,mixed,MIXED,CNN_RNND,3226,0.2973155751824379,0.24588896706700325,0.05142660764977336,
3,260819,mixed,MIXED,CNN_RNND,3227,0.42496779561042786,0.342580359429121,0.08238743571564555,
3,260819,mixed,MIXED,CNN_RNND,3228,0.3744777999818325,0.3066490590572357,0.0678287367336452,
3,260819,mixed,MIXED,CNN_RNND,3229,0.4913834445178509,0.39223591051995754,0.0991475386545062,
3,260819,mixed,MIXED,CNN_RNND,3230,0.4200579784810543,0.3371039032936096,0.0829540784470737,
3,260819,mixed,MIXED,CNN_RNND,3231,0.44427964836359024,0.34969912469387054,0.09458052599802613,
3,260819,mixed,MIXED,CNN_RNND,3232,0.3553677946329117,0.2912568524479866,0.06411095522344112,
3,260819,mixed,MIXED,CNN_RNND,3233,0.362688273191452,0.2966764457523823,0.06601182813756168,
3,260819,mixed,MIXED,CNN_RNND,3234,0.5622192621231079,0.4421379566192627,0.12008131295442581,
3,260819,mixed,MIXED,CNN_RNND,3235,0.3822557106614113,0.31005100160837173,0.07220469927415252,
3,260819,mixed,MIXED,CNN_RNND,3236,0.22663253732025623,0.19168537482619286,0.034947162959724665,
3,260819,mixed,MIXED,CNN_RNND,3237,0.43456313759088516,0.3482988551259041,0.08626427873969078,
3,260819,mixed,MIXED,CNN_RNND,3238,0.42850271612405777,0.3433319628238678,0.08517075143754482,
3,260819,mixed,MIXED,CNN_RNND,3239,0.5078430324792862,0.40302660316228867,0.10481641697697341,
3,260819,mixed,MIXED,CNN_RNND,3240,0.3897993713617325,0.31906861811876297,0.07073076209053397,
3,260819,mixed,MIXED,CNN_RNND,3241,0.30821385607123375,0.2479504942893982,0.06026336085051298,
3,260819,mixed,MIXED,CNN_RNND,3242,0.31637879461050034,0.2601963132619858,0.056182476226240396,
3,260819,mixed,MIXED,CNN_RNND,3243,0.5652853697538376,0.4520009979605675,0.11328437365591526,
3,260819,mixed,MIXED,CNN_RNND,3244,0.5520796179771423,0.43338991701602936,0.11868971399962902,
3,260819,mixed,MIXED,CNN_RNND,3245,0.5248286947607994,0.4086695536971092,0.11615913826972246,
3,260819,mixed,MIXED,CNN_RNND,3246,0.4589056074619293,0.3677070662379265,0.09119853843003511,
3,260819,mixed,MIXED,CNN_RNND,3247,0.5128289088606834,0.40360019356012344,0.10922873392701149,
3,260819,mixed,MIXED,CNN_RNND,3248,0.5038099493831396,0.3981251362711191,0.1056848019361496,
3,260819,mixed,MIXED,CNN_RNND,3249,0.30018455535173416,0.2467226218432188,0.05346192605793476,
3,260819,mixed,MIXED,CNN_RNND,3250,0.2619015499949455,0.2160499095916748,0.04585163854062557,
3,260819,mixed,MIXED,CNN_RNND,3251,0.4061526209115982,0.3252808600664139,0.08087176084518433,
3,260819,mixed,MIXED,CNN_RNND,3252,0.36491771042346954,0.2978489026427269,0.0670688096433878,
3,260819,mixed,MIXED,CNN_RNND,3253,0.5088355839252472,0.3927384838461876,0.1160970963537693,
3,260819,mixed,MIXED,CNN_RNND,3254,0.4975568875670433,0.4022573083639145,0.09529957920312881,
3,260819,mixed,MIXED,CNN_RNND,3255,0.30310642160475254,0.2491637971252203,0.053942631697282195,
3,260819,mixed,MIXED,CNN_RNND,3256,0.3240816257894039,0.2668955624103546,0.057186066173017025,
3,260819,mixed,MIXED,CNN_RNND,3257,0.518309198319912,0.40638353675603867,0.11192565970122814,
3,260819,mixed,MIXED,CNN_RNND,3258,0.4304902143776417,0.3512199353426695,0.07927028299309313,
3,260819,mixed,MIXED,CNN_RNND,3259,0.4316442310810089,0.345123790204525,0.08652045205235481,
3,260819,mixed,MIXED,CNN_RNND,3260,0.32384804263710976,0.2653510719537735,0.05849697347730398,
3,260819,mixed,MIXED,CNN_RNND,3261,0.3258662447333336,0.26802829653024673,0.05783794820308685,
3,260819,mixed,MIXED,CNN_RNND,3262,0.42271939665079117,0.3452334702014923,0.07748592738062143,
3,260819,mixed,MIXED,CNN_RNND,3263,0.4094303399324417,0.33356769010424614,0.07586264703422785,
3,260819,mixed,MIXED,CNN_RNND,3264,0.38531495444476604,0.3067007390782237,0.07861422159476206,
3,260819,mixed,MIXED,CNN_RNND,3265,0.382626723498106,0.30676879547536373,0.0758579249959439,
3,260819,mixed,MIXED,CNN_RNND,3266,0.5383565090596676,0.4172118101269007,0.12114470591768622,
3,260819,mixed,MIXED,CNN_RNND,3267,0.3833671994507313,0.3127606734633446,0.07060652272775769,
3,260819,mixed,MIXED,CNN_RNND,3268,0.4120780639350414,0.3292564582079649,0.08282161178067327,
3,260819,mixed,MIXED,CNN_RNND,3269,0.2666689809411764,0.22254213504493237,0.04412684921408072,
3,260819,mixed,MIXED,CNN_RNND,3270,0.3568907640874386,0.28012609481811523,0.0767646785825491,
3,260819,mixed,MIXED,CNN_RNND,3271,0.5871926322579384,0.46308138966560364,0.1241112519055605,
3,260819,mixed,MIXED,CNN_RNND,3272,0.3888331837952137,0.3110557347536087,0.07777744764462113,
3,260819,mixed,MIXED,CNN_RNND,3273,0.5263808742165565,0.4228235185146332,0.10355736128985882,
3,260819,mixed,MIXED,CNN_RNND,3274,0.4507174789905548,0.36312153935432434,0.0875959387049079,
3,260819,mixed,MIXED,CNN_RNND,3275,0.36600232869386673,0.2885957583785057,0.07740656612440944,
3,260819,mixed,MIXED,CNN_RNND,3276,0.594000056385994,0.45166129618883133,0.14233875833451748,
3,260819,mixed,MIXED,CNN_RNND,3277,0.3416029829531908,0.2793385572731495,0.06226443115156144,
3,260819,mixed,MIXED,CNN_RNND,3278,0.40959012508392334,0.320452980697155,0.08913713693618774,
3,260819,mixed,MIXED,CNN_RNND,3279,0.4737791046500206,0.3784506395459175,0.09532845579087734,
3,260819,mixed,MIXED,CNN_RNND,3280,0.6235160306096077,0.48851514607667923,0.13500088639557362,
3,260819,mixed,MIXED,CNN_RNND,3281,0.3108841199427843,0.25197672471404076,0.05890739127062261,
3,260819,mixed,MIXED,CNN_RNND,3282,0.3651275970041752,0.2931535840034485,0.07197401486337185,
3,260819,mixed,MIXED,CNN_RNND,3283,0.2995101027190685,0.245732132345438,0.05377797642722726,
3,260819,mixed,MIXED,CNN_RNND,3284,0.4117693789303303,0.3301856964826584,0.08158368524163961,
3,260819,mixed,MIXED,CNN_RNND,3285,0.36444712802767754,0.2948580589145422,0.06958906538784504,
3,260819,mixed,MIXED,CNN_RNND,3286,0.4903664141893387,0.3914254456758499,0.09894096851348877,
3,260819,mixed,MIXED,CNN_RNND,3287,0.5395717956125736,0.42686324194073677,0.11270854761824012,
3,260819,mixed,MIXED,CNN_RNND,3288,0.3899487107992172,0.3179038166999817,0.07204488851130009,
3,260819,mixed,MIXED,CNN_RNND,3289,0.2962809018790722,0.2453855611383915,0.050895337015390396,
3,260819,mixed,MIXED,CNN_RNND,3290,0.4934481233358383,0.39012206345796585,0.10332605242729187,
3,260819,mixed,MIXED,CNN_RNND,3291,0.26360833272337914,0.21819445118308067,0.045413886895403266,
3,260819,mixed,MIXED,CNN_RNND,3292,0.3407512605190277,0.2777012027800083,0.06305005215108395,
3,260819,mixed,MIXED,CNN_RNND,3293,0.5127166621387005,0.41086121276021004,0.1018554586917162,
3,260819,mixed,MIXED,CNN_RNND,3294,0.4352566748857498,0.3452015146613121,0.09005515463650227,
3,260819,mixed,MIXED,CNN_RNND,3295,0.5166536495089531,0.4092591032385826,0.10739454440772533,
3,260819,mixed,MIXED,CNN_RNND,3296,0.37822815775871277,0.30324601382017136,0.07498213136568666,
3,260819,mixed,MIXED,CNN_RNND,3297,0.40116350911557674,0.3226332888007164,0.07853021798655391,
3,260819,mixed,MIXED,CNN_RNND,3298,0.4166542887687683,0.336938701570034,0.07971559651196003,
3,260819,mixed,MIXED,CNN_RNND,3299,0.420749057084322,0.3394155986607075,0.08133346913382411,
3,260819,mixed,MIXED,CNN_RNND,3300,0.40228732489049435,0.3219425808638334,0.08034473715815693,
3,260819,mixed,MIXED,CNN_RNND,3301,0.44122520461678505,0.3487967476248741,0.0924284653738141,
3,260819,mixed,MIXED,CNN_RNND,3302,0.33213597908616066,0.26756228506565094,0.06457369867712259,
3,260819,mixed,MIXED,CNN_RNND,3303,0.4881751909852028,0.39296162873506546,0.0952135669067502,
3,260819,mixed,MIXED,CNN_RNND,3304,0.4754069820046425,0.38113464042544365,0.09427233226597309,
3,260819,mixed,MIXED,CNN_RNND,3305,0.2830808386206627,0.23507382720708847,0.048007008619606495,
3,260819,mixed,MIXED,CNN_RNND,3306,0.42764512076973915,0.3430202156305313,0.0846249065361917,
3,260819,mixed,MIXED,CNN_RNND,3307,0.3686705492436886,0.30111201480031013,0.06755853723734617,
3,260819,mixed,MIXED,CNN_RNND,3308,0.5020914599299431,0.40142569690942764,0.10066577047109604,
3,260819,mixed,MIXED,CNN_RNND,3309,0.43228811770677567,0.34148503467440605,0.09080309048295021,
3,260819,mixed,MIXED,CNN_RNND,3310,0.37380949407815933,0.3052211366593838,0.06858835788443685,
3,260819,mixed,MIXED,CNN_RNND,3311,0.3075697459280491,0.2582082524895668,0.049361493438482285,
3,260819,mixed,MIXED,CNN_RNND,3312,0.4422156363725662,0.35233592242002487,0.0898797232657671,
3,260819,mixed,MIXED,CNN_RNND,3313,0.4415535181760788,0.34683046489953995,0.09472305420786142,
3,260819,mixed,MIXED,CNN_RNND,3314,0.42779148183763027,0.342626491561532,0.08516499563120306,
3,260819,mixed,MIXED,CNN_RNND,3315,0.5930436700582504,0.4558180123567581,0.13722565583884716,
3,260819,mixed,MIXED,CNN_RNND,3316,0.36167365312576294,0.29243531078100204,0.0692383423447609,
3,260819,mixed,MIXED,CNN_RNND,3317,0.466653972864151,0.3711232952773571,0.09553067944943905,
3,260819,mixed,MIXED,CNN_RNND,3318,0.2702904511243105,0.22203661687672138,0.048253842163830996,
3,260819,mixed,MIXED,CNN_RNND,3319,0.3808017261326313,0.31038840115070343,0.07041332591325045,
3,260819,mixed,MIXED,CNN_RNND,3320,0.4621627777814865,0.37235522270202637,0.08980754530057311,
3,260819,mixed,MIXED,CNN_RNND,3321,0.35213957726955414,0.2845514100044966,0.06758817081572488,
3,260819,mixed,MIXED,CNN_RNND,3322,0.4292813539505005,0.33909695595502853,0.09018439892679453,
3,260819,mixed,MIXED,CNN_RNND,3323,0.5604197531938553,0.44270507991313934,0.11771465837955475,
3,260819,mixed,MIXED,CNN_RNND,3324,0.6307906359434128,0.4963718056678772,0.13441884517669678,
3,260819,mixed,MIXED,CNN_RNND,3325,0.37852010130882263,0.30486930906772614,0.07365078385919333,
3,260819,mixed,MIXED,CNN_RNND,3326,0.43440935760736465,0.3430020362138748,0.09140731091611087,
3,260819,mixed,MIXED,CNN_RNND,3327,0.6209802255034447,0.479157030582428,0.14182319678366184,
3,260819,mixed,MIXED,CNN_RNND,3328,0.5654677376151085,0.4455571621656418,0.11991057731211185,
3,260819,mixed,MIXED,CNN_RNND,3329,0.39941031113266945,0.32326863519847393,0.07614168641157448,
3,260819,mixed,MIXED,CNN_RNND,3330,0.5417153835296631,0.42910052835941315,0.11261486262083054,
3,260819,mixed,MIXED,CNN_RNND,3331,0.3700709342956543,0.3037964552640915,0.06627447158098221,
3,260819,mixed,MIXED,CNN_RNND,3332,0.4214853048324585,0.33215104043483734,0.0893342662602663,
3,260819,mixed,MIXED,CNN_RNND,3333,0.39540619030594826,0.31862787902355194,0.07677831151522696,
3,260819,mixed,MIXED,CNN_RNND,3334,0.35600974783301353,0.28725244849920273,0.06875729467719793,
3,260819,mixed,MIXED,CNN_RNND,3335,0.32177112996578217,0.2611141875386238,0.060656952671706676,
3,260819,mixed,MIXED,CNN_RNND,3336,0.5954638421535492,0.471309557557106,0.12415428273379803,
3,260819,mixed,MIXED,CNN_RNND,3337,0.29124717228114605,0.23960996232926846,0.05163720954442397,
3,260819,mixed,MIXED,CNN_RNND,3338,0.21963356249034405,0.18822729587554932,0.031406266847625375,
3,260819,mixed,MIXED,CNN_RNND,3339,0.5848498791456223,0.4542950168251991,0.13055486511439085,
3,260819,mixed,MIXED,CNN_RNND,3340,0.4317105785012245,0.34473883360624313,0.08697174768894911,
3,260819,mixed,MIXED,CNN_RNND,3341,0.40825220569968224,0.3220377452671528,0.08621445298194885,
3,260819,mixed,MIXED,CNN_RNND,3342,0.31567879393696785,0.2576704118400812,0.058008391701150686,
3,260819,mixed,MIXED,CNN_RNND,3343,0.3605985566973686,0.2973173297941685,0.06328123481944203,
3,260819,mixed,MIXED,CNN_RNND,3344,0.5140964910387993,0.4029929041862488,0.11110358498990536,
3,260819,mixed,MIXED,CNN_RNND,3345,0.5811898931860924,0.451083168387413,0.1301067303866148,
3,260819,mixed,MIXED,CNN_RNND,3346,0.3873281441628933,0.322024617344141,0.0653035375289619,
3,260819,mixed,MIXED,CNN_RNND,3347,0.6254623159766197,0.4892370402812958,0.13622527197003365,
3,260819,mixed,MIXED,CNN_RNND,3348,0.27189038693904877,0.22452443465590477,0.04736595321446657,
3,260819,mixed,MIXED,CNN_RNND,3349,0.5363758131861687,0.4201194792985916,0.1162563394755125,
3,260819,mixed,MIXED,CNN_RNND,3350,0.4034344404935837,0.3233477771282196,0.0800866661593318,
3,260819,mixed,MIXED,CNN_RNND,3351,0.38249535486102104,0.30847881734371185,0.07401653891429305,
3,260819,mixed,MIXED,CNN_RNND,3352,0.4699377082288265,0.3715319409966469,0.09840576909482479,
3,260819,mixed,MIXED,CNN_RNND,3353,0.3711041435599327,0.2983422800898552,0.07276186160743237,
3,260819,mixed,MIXED,CNN_RNND,3354,0.2789163701236248,0.23629505932331085,0.0426213126629591,
3,260819,mixed,MIXED,CNN_RNND,3355,0.5177663862705231,0.4107540585100651,0.1070123240351677,
3,260819,mixed,MIXED,CNN_RNND,3356,0.42254647612571716,0.343205101788044,0.07934136688709259,
3,260819,mixed,MIXED,CNN_RNND,3357,0.29683015309274197,0.2470854762941599,0.04974467644933611,
3,260819,mixed,MIXED,CNN_RNND,3358,0.48260733485221863,0.38069556653499603,0.1019117720425129,
3,260819,mixed,MIXED,CNN_RNND,3359,0.5118630677461624,0.40889088064432144,0.10297218710184097,
3,260819,mixed,MIXED,CNN_RNND,3360,0.4347819834947586,0.3473846912384033,0.08739728294312954,
3,260819,mixed,MIXED,CNN_RNND,3361,0.42268411070108414,0.34052515774965286,0.08215894736349583,
3,260819,mixed,MIXED,CNN_RNND,3362,0.37983400374650955,0.30736615881323814,0.07246783759910613,
3,260819,mixed,MIXED,CNN_RNND,3363,0.4342588409781456,0.3410259708762169,0.09323287010192871,
3,260819,mixed,MIXED,CNN_RNND,3364,0.26361893489956856,0.22053655795753002,0.043082382064312696,
3,260819,mixed,MIXED,CNN_RNND,3365,0.31167473271489143,0.25117257982492447,0.060502151551190764,
3,260819,mixed,MIXED,CNN_RNND,3366,0.40455739572644234,0.3279952257871628,0.07656218274496496,
3,260819,mixed,MIXED,CNN_RNND,3367,0.3852429427206516,0.31982430070638657,0.06541862851008773,
3,260819,mixed,MIXED,CNN_RNND,3368,0.4283895306289196,0.34460386633872986,0.08378566615283489,
3,260819,mixed,MIXED,CNN_RNND,3369,0.3831750564277172,0.3108048141002655,0.07237024698406458,
3,260819,mixed,MIXED,CNN_RNND,3370,0.6480030491948128,0.497689813375473,0.15031323581933975,
3,260819,mixed,MIXED,CNN_RNND,3371,0.48431069031357765,0.3840259611606598,0.10028473567217588,
3,260819,mixed,MIXED,CNN_RNND,3372,0.3573485165834427,0.2933489605784416,0.0639995550736785,
3,260819,mixed,MIXED,CNN_RNND,3373,0.3278319016098976,0.2628133147954941,0.06501859147101641,
3,260819,mixed,MIXED,CNN_RNND,3374,0.46286745741963387,0.37028808146715164,0.09257937222719193,
3,260819,mixed,MIXED,CNN_RNND,3375,0.5992003977298737,0.47353263199329376,0.12566776107996702,
3,260819,mixed,MIXED,CNN_RNND,3376,0.4337691068649292,0.3489118032157421,0.08485730085521936,
3,260819,mixed,MIXED,CNN_RNND,3377,0.40029966086149216,0.3216916136443615,0.07860804907977581,
3,260819,mixed,MIXED,CNN_RNND,3378,0.5293742939829826,0.413212601095438,0.11616168636828661,
3,260819,mixed,MIXED,CNN_RNND,3379,0.45386552065610886,0.3676432967185974,0.08622222393751144,
3,260819,mixed,MIXED,CNN_RNND,3380,0.40477287769317627,0.3214169703423977,0.08335590711794794,
3,260819,mixed,MIXED,CNN_RNND,3381,0.26573931984603405,0.2187049724161625,0.04703434440307319,
3,260819,mixed,MIXED,CNN_RNND,3382,0.373493917286396,0.3065388686954975,0.06695505417883396,
3,260819,mixed,MIXED,CNN_RNND,3383,0.4528186023235321,0.3674505278468132,0.08536808122880757,
3,260819,mixed,MIXED,CNN_RNND,3384,0.350129097700119,0.2809571921825409,0.06917190318927169,
3,260819,mixed,MIXED,CNN_RNND,3385,0.3496999926865101,0.28768910467624664,0.062010886147618294,
3,260819,mixed,MIXED,CNN_RNND,3386,0.31678827479481697,0.26091670244932175,0.05587157979607582,
3,260819,mixed,MIXED,CNN_RNND,3387,0.45153193920850754,0.3570389747619629,0.09449297562241554,
3,260819,mixed,MIXED,CNN_RNND,3388,0.3095986917614937,0.2509672921150923,0.05863139755092561,
3,260819,mixed,MIXED,CNN_RNND,3389,0.4317004010081291,0.34448087960481644,0.08721951395273209,
3,260819,mixed,MIXED,CNN_RNND,3390,0.5395189523696899,0.4303683191537857,0.10915063740685582,
3,260819,mixed,MIXED,CNN_RNND,3391,0.4342573955655098,0.34192822873592377,0.09232917195186019,
3,260819,mixed,MIXED,CNN_RNND,3392,0.3139063995331526,0.2600405663251877,0.05386582901701331,
3,260819,mixed,MIXED,CNN_RNND,3393,0.37906454876065254,0.3099725916981697,0.06909194961190224,
3,260819,mixed,MIXED,CNN_RNND,3394,0.5797676593065262,0.4536504000425339,0.12611726857721806,
3,260819,mixed,MIXED,CNN_RNND,3395,0.4646252393722534,0.36863502860069275,0.09599020704627037,
3,260819,mixed,MIXED,CNN_RNND,3396,0.3505069240927696,0.28779423236846924,0.06271268683485687,
3,260819,mixed,MIXED,CNN_RNND,3397,0.5358252823352814,0.42071694135665894,0.11510834656655788,
3,260819,mixed,MIXED,CNN_RNND,3398,0.4155869819223881,0.33713548630476,0.07845149468630552,
3,260819,mixed,MIXED,CNN_RNND,3399,0.3602020964026451,0.2956012934446335,0.06460080295801163,
3,260819,mixed,MIXED,CNN_RNND,3400,0.38170282542705536,0.30946557596325874,0.07223725086078048,-1.0292470790620454
3,260819,mixed,MIXED,CNN_RNND,3401,0.3636654205620289,0.29733745753765106,0.06632796046324074,
3,260819,mixed,MIXED,CNN_RNND,3402,0.34687380492687225,0.28405871987342834,0.06281509343534708,
3,260819,mixed,MIXED,CNN_RNND,3403,0.5831631496548653,0.456869512796402,0.12629364617168903,
3,260819,mixed,MIXED,CNN_RNND,3404,0.4902448356151581,0.38831938803195953,0.1019254568964243,
3,260819,mixed,MIXED,CNN_RNND,3405,0.3090571016073227,0.25418700464069843,0.05487008788622916,
3,260819,mixed,MIXED,CNN_RNND,3406,0.41142597794532776,0.33197111636400223,0.07945487275719643,
3,260819,mixed,MIXED,CNN_RNND,3407,0.43899955600500107,0.35498056560754776,0.08401898480951786,
3,260819,mixed,MIXED,CNN_RNND,3408,0.37639153748750687,0.3051042817533016,0.07128725480288267,
3,260819,mixed,MIXED,CNN_RNND,3409,0.43174942769110203,0.34023634530603886,0.09151308081345633,
3,260819,mixed,MIXED,CNN_RNND,3410,0.5920569896697998,0.46390949189662933,0.12814750149846077,
3,260819,mixed,MIXED,CNN_RNND,3411,0.26464155688881874,0.21863158233463764,0.046009967278223485,
3,260819,mixed,MIXED,CNN_RNND,3412,0.45185166224837303,0.3599822148680687,0.09186943620443344,
3,260819,mixed,MIXED,CNN_RNND,3413,0.29488167352974415,0.23925848677754402,0.055623181629925966,
3,260819,mixed,MIXED,CNN_RNND,3414,0.42398934066295624,0.34258099272847176,0.08140834607183933,
3,260819,mixed,MIXED,CNN_RNND,3415,0.2986072413623333,0.25141189619898796,0.04719533724710345,
3,260819,mixed,MIXED,CNN_RNND,3416,0.4346950575709343,0.3456542193889618,0.08904083259403706,
3,260819,mixed,MIXED,CNN_RNND,3417,0.33370739966630936,0.2740207873284817,0.05968661326915026,
3,260819,mixed,MIXED,CNN_RNND,3418,0.5199294835329056,0.4075709208846092,0.11235856078565121,
3,260819,mixed,MIXED,CNN_RNND,3419,0.2968505546450615,0.24906115233898163,0.04778940335381776,
3,260819,mixed,MIXED,CNN_RNND,3420,0.4287417158484459,0.3486521877348423,0.08008953463286161,
3,260819,mixed,MIXED,CNN_RNND,3421,0.3555659018456936,0.28971242159605026,0.06585348723456264,
3,260819,mixed,MIXED,CNN_RNND,3422,0.20185882225632668,0.17923137918114662,0.022627439990174025,
3,260819,mixed,MIXED,CNN_RNND,3423,0.579144574701786,0.45701754093170166,0.1221270365640521,
3,260819,mixed,MIXED,CNN_RNND,3424,0.43634913861751556,0.35501354187726974,0.08133558928966522,
3,260819,mixed,MIXED,CNN_RNND,3425,0.328097403049469,0.2709790766239166,0.05711832642555237,
3,260819,mixed,MIXED,CNN_RNND,3426,0.33191099762916565,0.27480970695614815,0.05710128927603364,
3,260819,mixed,MIXED,CNN_RNND,3427,0.3000908922404051,0.2503483109176159,0.04974258621223271,
3,260819,mixed,MIXED,CNN_RNND,3428,0.4733790159225464,0.38412221521139145,0.08925680909305811,
3,260819,mixed,MIXED,CNN_RNND,3429,0.6731665283441544,0.5260107815265656,0.14715574868023396,
3,260819,mixed,MIXED,CNN_RNND,3430,0.3288477957248688,0.2693451903760433,0.05950260069221258,
3,260819,mixed,MIXED,CNN_RNND,3431,0.36080413684248924,0.29414345137774944,0.06666069489438087,
3,260819,mixed,MIXED,CNN_RNND,3432,0.4262613095343113,0.3431708738207817,0.08309043850749731,
3,260819,mixed,MIXED,CNN_RNND,3433,0.34933273307979107,0.2807792853564024,0.06855345098301768,
3,260819,mixed,MIXED,CNN_RNND,3434,0.4222546275705099,0.33956269547343254,0.08269193733576685,
3,260819,mixed,MIXED,CNN_RNND,3435,0.41582048684358597,0.33596304804086685,0.07985744578763843,
3,260819,mixed,MIXED,CNN_RNND,3436,0.3878111466765404,0.31581462919712067,0.07199651654809713,
3,260819,mixed,MIXED,CNN_RNND,3437,0.44454338029026985,0.357913114130497,0.08663027337752283,
3,260819,mixed,MIXED,CNN_RNND,3438,0.6456542015075684,0.5044536143541336,0.14120058342814445,
3,260819,mixed,MIXED,CNN_RNND,3439,0.5699691250920296,0.4544871002435684,0.11548201367259026,
3,260819,mixed,MIXED,CNN_RNND,3440,0.2888711020350456,0.24162607640028,0.047245022375136614,
3,260819,mixed,MIXED,CNN_RNND,3441,0.3738451972603798,0.301563560962677,0.07228163257241249,
3,260819,mixed,MIXED,CNN_RNND,3442,0.6333143413066864,0.49291932582855225,0.1403950098901987,
3,260819,mixed,MIXED,CNN_RNND,3443,0.5848414599895477,0.4572392851114273,0.12760216370224953,
3,260819,mixed,MIXED,CNN_RNND,3444,0.21315760351717472,0.1828165240585804,0.03034107876010239,
3,260819,mixed,MIXED,CNN_RNND,3445,0.3658400699496269,0.299909383058548,0.06593068316578865,
3,260819,mixed,MIXED,CNN_RNND,3446,0.5068790540099144,0.3983953073620796,0.10848374105989933,
3,260819,mixed,MIXED,CNN_RNND,3447,0.2392717432230711,0.20589164271950722,0.03338009858271107,
3,260819,mixed,MIXED,CNN_RNND,3448,0.35479138419032097,0.28688156232237816,0.06790981534868479,
3,260819,mixed,MIXED,CNN_RNND,3449,0.3497663140296936,0.28529294580221176,0.06447335472330451,
3,260819,mixed,MIXED,CNN_RNND,3450,0.3228803798556328,0.2658102624118328,0.05707011092454195,
3,260819,mixed,MIXED,CNN_RNND,3451,0.42281611263751984,0.3374793268740177,0.08533678390085697,
3,260819,mixed,MIXED,CNN_RNND,3452,0.46907124668359756,0.36224668845534325,0.1068245554342866,
3,260819,mixed,MIXED,CNN_RNND,3453,0.25079530850052834,0.21575994789600372,0.03503536293283105,
3,260819,mixed,MIXED,CNN_RNND,3454,0.5992981269955635,0.46578431874513626,0.13351380312815309,
3,260819,mixed,MIXED,CNN_RNND,3455,0.3711676299571991,0.3053756579756737,0.06579196359962225,
3,260819,mixed,MIXED,CNN_RNND,3456,0.4041433744132519,0.32060713693499565,0.08353623561561108,
3,260819,mixed,MIXED,CNN_RNND,3457,0.5715479701757431,0.4401819631457329,0.13136600144207478,
3,260819,mixed,MIXED,CNN_RNND,3458,0.34096163138747215,0.2828807048499584,0.05808091629296541,
3,260819,mixed,MIXED,CNN_RNND,3459,0.41570787876844406,0.3323555029928684,0.08335238136351109,
3,260819,mixed,MIXED,CNN_RNND,3460,0.4600788466632366,0.36370815336704254,0.09637068677693605,
3,260819,mixed,MIXED,CNN_RNND,3461,0.3131645619869232,0.26333075761795044,0.04983380436897278,
3,260819,mixed,MIXED,CNN_RNND,3462,0.5777865052223206,0.4662511944770813,0.11153530608862638,
3,260819,mixed,MIXED,CNN_RNND,3463,0.35784468427300453,0.2895073778927326,0.06833731569349766,
3,260819,mixed,MIXED,CNN_RNND,3464,0.38983116298913956,0.31328853219747543,0.07654263731092215,
3,260819,mixed,MIXED,CNN_RNND,3465,0.6015572994947433,0.470701701939106,0.13085559662431479,
3,260819,mixed,MIXED,CNN_RNND,3466,0.6249063611030579,0.48302366584539413,0.14188269898295403,
3,260819,mixed,MIXED,CNN_RNND,3467,0.43931375071406364,0.3458921015262604,0.09342164313420653,
3,260819,mixed,MIXED,CNN_RNND,3468,0.2721150480210781,0.23266762495040894,0.039447419345378876,
3,260819,mixed,MIXED,CNN_RNND,3469,0.2993662916123867,0.2475450485944748,0.05182123614940792,
3,260819,mixed,MIXED,CNN_RNND,3470,0.49859684705734253,0.3970717787742615,0.10152505524456501,
3,260819,mixed,MIXED,CNN_RNND,3471,0.3899255618453026,0.31253673136234283,0.0773888248950243,
3,260819,mixed,MIXED,CNN_RNND,3472,0.41370172798633575,0.3295196667313576,0.08418206125497818,
3,260819,mixed,MIXED,CNN_RNND,3473,0.5044559687376022,0.40622852742671967,0.09822745248675346,
3,260819,mixed,MIXED,CNN_RNND,3474,0.38795481622219086,0.31869375705718994,0.06926104985177517,
3,260819,mixed,MIXED,CNN_RNND,3475,0.4474783092737198,0.35939641669392586,0.08808189304545522,
3,260819,mixed,MIXED,CNN_RNND,3476,0.5269992798566818,0.41140221059322357,0.11559707764536142,
3,260819,mixed,MIXED,CNN_RNND,3477,0.3463039845228195,0.28716880455613136,0.05913518043234944,
3,260819,mixed,MIXED,CNN_RNND,3478,0.2673279605805874,0.22598210908472538,0.04134584788698703,
3,260819,mixed,MIXED,CNN_RNND,3479,0.43264190107584,0.3469989039003849,0.0856430004350841,
3,260819,mixed,MIXED,CNN_RNND,3480,0.3816033862531185,0.31562822312116623,0.06597515381872654,
3,260819,mixed,MIXED,CNN_RNND,3481,0.27420929819345474,0.2287382185459137,0.045471081510186195,
3,260819,mixed,MIXED,CNN_RNND,3482,0.4735060855746269,0.3779812157154083,0.095524862408638,
3,260819,mixed,MIXED,CNN_RNND,3483,0.3323230482637882,0.27406056597828865,0.05826248833909631,
3,260819,mixed,MIXED,CNN_RNND,3484,0.3902280256152153,0.3136928677558899,0.07653515040874481,
3,260819,mixed,MIXED,CNN_RNND,3485,0.3171350844204426,0.2637140266597271,0.053421055898070335,
3,260819,mixed,MIXED,CNN_RNND,3486,0.34800001978874207,0.2871541306376457,0.060845899395644665,
3,260819,mixed,MIXED,CNN_RNND,3487,0.3698659259825945,0.3033251855522394,0.06654074799735099,
3,260819,mixed,MIXED,CNN_RNND,3488,0.40684105083346367,0.32633836939930916,0.08050268748775125,
3,260819,mixed,MIXED,CNN_RNND,3489,0.5437896698713303,0.42938122153282166,0.11440843343734741,
3,260819,mixed,MIXED,CNN_RNND,3490,0.1908915750682354,0.16703134775161743,0.023860225919634104,
3,260819,mixed,MIXED,CNN_RNND,3491,0.46747785061597824,0.3658760190010071,0.10160182882100344,
3,260819,mixed,MIXED,CNN_RNND,3492,0.5357774794101715,0.42556262016296387,0.11021486483514309,
3,260819,mixed,MIXED,CNN_RNND,3493,0.3994922749698162,0.3238084390759468,0.07568383251782507,
3,260819,mixed,MIXED,CNN_RNND,3494,0.3555457890033722,0.2851336505264044,0.07041213288903236,
3,260819,mixed,MIXED,CNN_RNND,3495,0.3731446508318186,0.3078560158610344,0.06528863625135273,
3,260819,mixed,MIXED,CNN_RNND,3496,0.38640256598591805,0.3116818964481354,0.07472067978233099,
3,260819,mixed,MIXED,CNN_RNND,3497,0.43234390020370483,0.35176608711481094,0.08057780750095844,
3,260819,mixed,MIXED,CNN_RNND,3498,0.41321624629199505,0.33355619572103024,0.07966005429625511,
3,260819,mixed,MIXED,CNN_RNND,3499,0.332327414304018,0.27143286168575287,0.06089455634355545,
3,260819,mixed,MIXED,CNN_RNND,3500,0.5803560316562653,0.46376100927591324,0.11659502796828747,
3,260819,mixed,MIXED,CNN_RNND,3501,0.3778626322746277,0.3006380945444107,0.07722453214228153,
3,260819,mixed,MIXED,CNN_RNND,3502,0.556462973356247,0.4322917237877846,0.12417124398052692,
3,260819,mixed,MIXED,CNN_RNND,3503,0.2139551118016243,0.18910691142082214,0.02484820014797151,
3,260819,mixed,MIXED,CNN_RNND,3504,0.2405409850180149,0.20154741778969765,0.03899356676265597,
3,260819,mixed,MIXED,CNN_RNND,3505,0.3896114658564329,0.309138510376215,0.08047295757569373,
3,260819,mixed,MIXED,CNN_RNND,3506,0.34042054787278175,0.2778659574687481,0.06255459459498525,
3,260819,mixed,MIXED,CNN_RNND,3507,0.38449591025710106,0.306437686085701,0.07805821811780334,
3,260819,mixed,MIXED,CNN_RNND,3508,0.37770378589630127,0.3080930467694998,0.06961073318962008,
3,260819,mixed,MIXED,CNN_RNND,3509,0.38289492949843407,0.31321342289447784,0.06968149915337563,
3,260819,mixed,MIXED,CNN_RNND,3510,0.45545897632837296,0.36467816308140755,0.09078081417828798,
3,260819,mixed,MIXED,CNN_RNND,3511,0.41875531151890755,0.3348051719367504,0.08395013399422169,
3,260819,mixed,MIXED,CNN_RNND,3512,0.4410063400864601,0.36256351321935654,0.0784428371116519,
3,260819,mixed,MIXED,CNN_RNND,3513,0.21945608034729958,0.18714995682239532,0.03230611979961395,
3,260819,mixed,MIXED,CNN_RNND,3514,0.43062209337949753,0.35123562067747116,0.07938646245747805,
3,260819,mixed,MIXED,CNN_RNND,3515,0.4354621134698391,0.34961385279893875,0.08584825322031975,
3,260819,mixed,MIXED,CNN_RNND,3516,0.41909730434417725,0.34172267466783524,0.07737463992089033,
3,260819,mixed,MIXED,CNN_RNND,3517,0.4040338136255741,0.32447539642453194,0.07955840788781643,
3,260819,mixed,MIXED,CNN_RNND,3518,0.4613705053925514,0.3685058429837227,0.09286467358469963,
3,260819,mixed,MIXED,CNN_RNND,3519,0.4338513985276222,0.3514704182744026,0.08238097280263901,
3,260819,mixed,MIXED,CNN_RNND,3520,0.25425795651972294,0.21047328412532806,0.04378467262722552,
3,260819,mixed,MIXED,CNN_RNND,3521,0.38171420618891716,0.30638571456074715,0.07532849069684744,
3,260819,mixed,MIXED,CNN_RNND,3522,0.5302145853638649,0.4177187383174896,0.11249585449695587,
3,260819,mixed,MIXED,CNN_RNND,3523,0.5622232183814049,0.4367757514119148,0.1254474688321352,
3,260819,mixed,MIXED,CNN_RNND,3524,0.5051971860229969,0.4040303900837898,0.10116679687052965,
3,260819,mixed,MIXED,CNN_RNND,3525,0.277489323168993,0.22866316884756088,0.04882615408860147,
3,260819,mixed,MIXED,CNN_RNND,3526,0.2787467874586582,0.23469271883368492,0.044054073514416814,
3,260819,mixed,MIXED,CNN_RNND,3527,0.4402262344956398,0.3466767370700836,0.09354948718100786,
3,260819,mixed,MIXED,CNN_RNND,3528,0.48549674451351166,0.3844134956598282,0.10108325816690922,
3,260819,mixed,MIXED,CNN_RNND,3529,0.5273491963744164,0.42154914885759354,0.10580005124211311,
3,260819,mixed,MIXED,CNN_RNND,3530,0.45851000770926476,0.36420559138059616,0.09430442005395889,
3,260819,mixed,MIXED,CNN_RNND,3531,0.45186635106801987,0.3567659743130207,0.09510038420557976,
3,260819,mixed,MIXED,CNN_RNND,3532,0.23348531499505043,0.19565923139452934,0.03782608173787594,
3,260819,mixed,MIXED,CNN_RNND,3533,0.4337826073169708,0.34481778368353844,0.08896483422722667,
3,260819,mixed,MIXED,CNN_RNND,3534,0.5076603889465332,0.40631018579006195,0.10135020688176155,
3,260819,mixed,MIXED,CNN_RNND,3535,0.49418362230062485,0.3918113671243191,0.10237225517630577,
3,260819,mixed,MIXED,CNN_RNND,3536,0.43319565057754517,0.3459356687963009,0.08725999388843775,
3,260819,mixed,MIXED,CNN_RNND,3537,0.3260643221437931,0.27176278829574585,0.054301530588418245,
3,260819,mixed,MIXED,CNN_RNND,3538,0.3420242555439472,0.279684666544199,0.06233958899974823,
3,260819,mixed,MIXED,CNN_RNND,3539,0.3290374390780926,0.26616961881518364,0.06286781933158636,
3,260819,mixed,MIXED,CNN_RNND,3540,0.3440167158842087,0.2848031371831894,0.059213586151599884,
3,260819,mixed,MIXED,CNN_RNND,3541,0.3399810455739498,0.2789352983236313,0.06104574492201209,
3,260819,mixed,MIXED,CNN_RNND,3542,0.32565562427043915,0.27073992043733597,0.05491570523008704,
3,260819,mixed,MIXED,CNN_RNND,3543,0.38394374772906303,0.3029582630842924,0.08098549419082701,
3,260819,mixed,MIXED,CNN_RNND,3544,0.2954310365021229,0.24574944749474525,0.049681587144732475,
3,260819,mixed,MIXED,CNN_RNND,3545,0.3504011370241642,0.2861119396984577,0.06428920291364193,
3,260819,mixed,MIXED,CNN_RNND,3546,0.36458394303917885,0.30180151015520096,0.06278244033455849,
3,260819,mixed,MIXED,CNN_RNND,3547,0.36584577336907387,0.2988905571401119,0.06695521995425224,
3,260819,mixed,MIXED,CNN_RNND,3548,0.36761320754885674,0.3010875880718231,0.06652562413364649,
3,260819,mixed,MIXED,CNN_RNND,3549,0.27008948288857937,0.22572825103998184,0.04436123196501285,
3,260819,mixed,MIXED,CNN_RNND,3550,0.23870215751230717,0.20250342600047588,0.036198736750520766,
3,260819,mixed,MIXED,CNN_RNND,3551,0.4070473872125149,0.33097341284155846,0.07607397716492414,
3,260819,mixed,MIXED,CNN_RNND,3552,0.5213334038853645,0.4137123078107834,0.1076211016625166,
3,260819,mixed,MIXED,CNN_RNND,3553,0.37312961742281914,0.3064584843814373,0.06667112838476896,
3,260819,mixed,MIXED,CNN_RNND,3554,0.5928483828902245,0.46039196848869324,0.13245641440153122,
3,260819,mixed,MIXED,CNN_RNND,3555,0.5464651715010405,0.42815388925373554,0.11831127863842994,
3,260819,mixed,MIXED,CNN_RNND,3556,0.30157146975398064,0.25181104242801666,0.04976042313501239,
3,260819,mixed,MIXED,CNN_RNND,3557,0.458271162584424,0.3714292496442795,0.08684190991334617,
3,260819,mixed,MIXED,CNN_RNND,3558,0.5130705684423447,0.4024943634867668,0.11057620868086815,
3,260819,mixed,MIXED,CNN_RNND,3559,0.38172016851603985,0.30469986610114574,0.07702029414940625,
3,260819,mixed,MIXED,CNN_RNND,3560,0.38875385001301765,0.30884092301130295,0.0799129270017147,
3,260819,mixed,MIXED,CNN_RNND,3561,0.3606216385960579,0.29462262615561485,0.06599901709705591,
3,260819,mixed,MIXED,CNN_RNND,3562,0.32031296752393246,0.26654886826872826,0.05376410036114976,
3,260819,mixed,MIXED,CNN_RNND,3563,0.40538909286260605,0.32658813893795013,0.07880095206201077,
3,260819,mixed,MIXED,CNN_RNND,3564,0.4306352958083153,0.3484160229563713,0.08221927098929882,
3,260819,mixed,MIXED,CNN_RNND,3565,0.3129529394209385,0.25608453899621964,0.05686840298585594,
3,260819,mixed,MIXED,CNN_RNND,3566,0.35420268401503563,0.2872552517801523,0.0669474215246737,
3,260819,mixed,MIXED,CNN_RNND,3567,0.4216132387518883,0.3314991369843483,0.09011410735547543,
3,260819,mixed,MIXED,CNN_RNND,3568,0.4841860234737396,0.38379480317234993,0.10039122961461544,
3,260819,mixed,MIXED,CNN_RNND,3569,0.5707107558846474,0.4480036422610283,0.12270712293684483,
3,260819,mixed,MIXED,CNN_RNND,3570,0.37755800783634186,0.3067166171967983,0.0708413952961564,
3,260819,mixed,MIXED,CNN_RNND,3571,0.35962921008467674,0.2927532009780407,0.0668760072439909,
3,260819,mixed,MIXED,CNN_RNND,3572,0.4644219372421503,0.36964661814272404,0.09477531863376498,
3,260819,mixed,MIXED,CNN_RNND,3573,0.40378231555223465,0.32791799306869507,0.0758643364533782,
3,260819,mixed,MIXED,CNN_RNND,3574,0.35101808048784733,0.2835036963224411,0.0675143891130574,
3,260819,mixed,MIXED,CNN_RNND,3575,0.31676341220736504,0.26381805911660194,0.05294535821303725,
3,260819,mixed,MIXED,CNN_RNND,3576,0.19968368485569954,0.17151273787021637,0.02817094308556989,
3,260819,mixed,MIXED,CNN_RNND,3577,0.40327315032482147,0.3214927688241005,0.08178038708865643,
3,260819,mixed,MIXED,CNN_RNND,3578,0.4370664060115814,0.34597837179899216,0.09108802559785545,
3,260819,mixed,MIXED,CNN_RNND,3579,0.6161018759012222,0.48091156780719757,0.13519029691815376,
3,260819,mixed,MIXED,CNN_RNND,3580,0.30983494222164154,0.25410284474492073,0.05573209188878536,
3,260819,mixed,MIXED,CNN_RNND,3581,0.2880420759320259,0.240811413154006,0.04723065975122154,
3,260819,mixed,MIXED,CNN_RNND,3582,0.3137810714542866,0.25810621678829193,0.05567485699430108,
3,260819,mixed,MIXED,CNN_RNND,3583,0.48777761310338974,0.38949038833379745,0.09828721918165684,
3,260819,mixed,MIXED,CNN_RNND,3584,0.30705057829618454,0.2568267472088337,0.050223831087350845,
3,260819,mixed,MIXED,CNN_RNND,3585,0.2641933001577854,0.21814456582069397,0.04604873852804303,
3,260819,mixed,MIXED,CNN_RNND,3586,0.44803352653980255,0.36184317618608475,0.08619034849107265,
3,260819,mixed,MIXED,CNN_RNND,3587,0.5325833931565285,0.41844090074300766,0.11414249567314982,
3,260819,mixed,MIXED,CNN_RNND,3588,0.380757212638855,0.3032822534441948,0.07747496385127306,
3,260819,mixed,MIXED,CNN_RNND,3589,0.31581438705325127,0.25632244907319546,0.05949194193817675,
3,260819,mixed,MIXED,CNN_RNND,3590,0.5327219739556313,0.4145635887980461,0.11815839167684317,
3,260819,mixed,MIXED,CNN_RNND,3591,0.27177996188402176,0.23082830756902695,0.0409516510553658,
3,260819,mixed,MIXED,CNN_RNND,3592,0.5228983536362648,0.4114108383655548,0.11148749478161335,
3,260819,mixed,MIXED,CNN_RNND,3593,0.5563614815473557,0.4387698546051979,0.11759162694215775,
3,260819,mixed,MIXED,CNN_RNND,3594,0.5063561499118805,0.402677558362484,0.10367859154939651,
3,260819,mixed,MIXED,CNN_RNND,3595,0.5444222614169121,0.43159219622612,0.11283007264137268,
3,260819,mixed,MIXED,CNN_RNND,3596,0.29224124923348427,0.24650970846414566,0.04573154076933861,
3,260819,mixed,MIXED,CNN_RNND,3597,0.47348563373088837,0.3737716116011143,0.09971400909125805,
3,260819,mixed,MIXED,CNN_RNND,3598,0.38785840570926666,0.31496183201670647,0.07289657980436459,
3,260819,mixed,MIXED,CNN_RNND,3599,0.5210633352398872,0.4061501547694206,0.11491318698972464,
3,260819,mixed,MIXED,CNN_RNND,3600,0.5919442698359489,0.4581127092242241,0.13383156061172485,-1.034217801594682
3,260819,mixed,MIXED,CNN_RNND,3601,0.3514968492090702,0.29235614091157913,0.059140719939023256,
3,260819,mixed,MIXED,CNN_RNND,3602,0.4220806248486042,0.3436279743909836,0.07845265115611255,
3,260819,mixed,MIXED,CNN_RNND,3603,0.49194057285785675,0.3873434141278267,0.10459716245532036,
3,260819,mixed,MIXED,CNN_RNND,3604,0.39690588042140007,0.3209840711206198,0.07592181279323995,
3,260819,mixed,MIXED,CNN_RNND,3605,0.45521287992596626,0.3648607134819031,0.09035217389464378,
3,260819,mixed,MIXED,CNN_RNND,3606,0.39585984498262405,0.3115071840584278,0.08435266092419624,
3,260819,mixed,MIXED,CNN_RNND,3607,0.4795915558934212,0.3735317438840866,0.10605981200933456,
3,260819,mixed,MIXED,CNN_RNND,3608,0.32966770976781845,0.26837896928191185,0.06128873839043081,
3,260819,mixed,MIXED,CNN_RNND,3609,0.6251307874917984,0.48886624723672867,0.13626454584300518,
3,260819,mixed,MIXED,CNN_RNND,3610,0.33628077059984207,0.2739637643098831,0.06231701001524925,
3,260819,mixed,MIXED,CNN_RNND,3611,0.40270809829235077,0.3199767433106899,0.0827313493937254,
3,260819,mixed,MIXED,CNN_RNND,3612,0.5406357273459435,0.4226672276854515,0.11796850152313709,
3,260819,mixed,MIXED,CNN_RNND,3613,0.466010719537735,0.3774770721793175,0.08853363804519176,
3,260819,mixed,MIXED,CNN_RNND,3614,0.5456666648387909,0.4342300221323967,0.1114366389811039,
3,260819,mixed,MIXED,CNN_RNND,3615,0.35650428384542465,0.29049584455788136,0.06600844394415617,
3,260819,mixed,MIXED,CNN_RNND,3616,0.3779824562370777,0.3025859836488962,0.07539646723307669,
3,260819,mixed,MIXED,CNN_RNND,3617,0.48923468589782715,0.39176980406045914,0.09746488463133574,
3,260819,mixed,MIXED,CNN_RNND,3618,0.36109407618641853,0.29400698468089104,0.0670870989561081,
3,260819,mixed,MIXED,CNN_RNND,3619,0.5760280713438988,0.4548775777220726,0.12115048663690686,
3,260819,mixed,MIXED,CNN_RNND,3620,0.3662808332592249,0.29422985948622227,0.07205098017584532,
3,260819,mixed,MIXED,CNN_RNND,3621,0.34674692526459694,0.2788524553179741,0.06789446773473173,
3,260819,mixed,MIXED,CNN_RNND,3622,0.3798593245446682,0.3090272583067417,0.07083206297829747,
3,260819,mixed,MIXED,CNN_RNND,3623,0.378079354763031,0.31272877007722855,0.06535058049485087,
3,260819,mixed,MIXED,CNN_RNND,3624,0.3432444632053375,0.2852054126560688,0.05803904973436147,
3,260819,mixed,MIXED,CNN_RNND,3625,0.4490528777241707,0.3443400263786316,0.10471285227686167,
3,260819,mixed,MIXED,CNN_RNND,3626,0.40154295414686203,0.31973449513316154,0.08180846273899078,
3,260819,mixed,MIXED,CNN_RNND,3627,0.3771786168217659,0.30931440740823746,0.06786421965807676,
3,260819,mixed,MIXED,CNN_RNND,3628,0.34486037120223045,0.2884676046669483,0.05639276280999184,
3,260819,mixed,MIXED,CNN_RNND,3629,0.5638953633606434,0.43658193200826645,0.12731342064216733,
3,260819,mixed,MIXED,CNN_RNND,3630,0.3588086720556021,0.2834101803600788,0.07539850240573287,
3,260819,mixed,MIXED,CNN_RNND,3631,0.3915358930826187,0.3161402530968189,0.07539564836770296,
3,260819,mixed,MIXED,CNN_RNND,3632,0.27115288749337196,0.22530130296945572,0.045851586386561394,
3,260819,mixed,MIXED,CNN_RNND,3633,0.3324380964040756,0.276008578017354,0.05642951955087483,
3,260819,mixed,MIXED,CNN_RNND,3634,0.3052186444401741,0.2546559125185013,0.05056273704394698,
3,260819,mixed,MIXED,CNN_RNND,3635,0.560722840949893,0.4404635950922966,0.120259256567806,
3,260819,mixed,MIXED,CNN_RNND,3636,0.586230956017971,0.4601595848798752,0.1260713692754507,
3,260819,mixed,MIXED,CNN_RNND,3637,0.5113333873450756,0.4018443003296852,0.10948907863348722,
3,260819,mixed,MIXED,CNN_RNND,3638,0.3355361521244049,0.27721957117319107,0.05831658095121384,
3,260819,mixed,MIXED,CNN_RNND,3639,0.526956245303154,0.41606858372688293,0.11088766530156136,
3,260819,mixed,MIXED,CNN_RNND,3640,0.2145270425826311,0.18530979566276073,0.029217249481007457,
3,260819,mixed,MIXED,CNN_RNND,3641,0.24044992588460445,0.19977178424596786,0.040678140823729336,
3,260819,mixed,MIXED,CNN_RNND,3642,0.322555024176836,0.2636565491557121,0.05889847967773676,
3,260819,mixed,MIXED,CNN_RNND,3643,0.48564740642905235,0.3843246567994356,0.10132275125943124,
3,260819,mixed,MIXED,CNN_RNND,3644,0.21334488689899445,0.18399001099169254,0.029354878468438983,
3,260819,mixed,MIXED,CNN_RNND,3645,0.41765420138835907,0.34317646920681,0.07447772659361362,
3,260819,mixed,MIXED,CNN_RNND,3646,0.4503375068306923,0.3579760193824768,0.09236148465424776,
3,260819,mixed,MIXED,CNN_RNND,3647,0.4553988352417946,0.36281803250312805,0.09258080460131168,
3,260819,mixed,MIXED,CNN_RNND,3648,0.40856239944696426,0.33322762697935104,0.07533477060496807,
3,260819,mixed,MIXED,CNN_RNND,3649,0.5485072508454323,0.4347154274582863,0.1137918271124363,
3,260819,mixed,MIXED,CNN_RNND,3650,0.4364515319466591,0.3477891571819782,0.0886623770929873,
3,260819,mixed,MIXED,CNN_RNND,3651,0.35282623022794724,0.28498550131917,0.06784072797745466,
3,260819,mixed,MIXED,CNN_RNND,3652,0.337309081107378,0.2737661674618721,0.06354291969910264,
3,260819,mixed,MIXED,CNN_RNND,3653,0.5569509454071522,0.4341938942670822,0.12275705952197313,
3,260819,mixed,MIXED,CNN_RNND,3654,0.49344702810049057,0.38949061557650566,0.10395640600472689,
3,260819,mixed,MIXED,CNN_RNND,3655,0.4183008000254631,0.32958202436566353,0.08871877938508987,
3,260819,mixed,MIXED,CNN_RNND,3656,0.3987804763019085,0.32340968400239944,0.07537079509347677,
3,260819,mixed,MIXED,CNN_RNND,3657,0.5019049756228924,0.4024769887328148,0.09942799434065819,
3,260819,mixed,MIXED,CNN_RNND,3658,0.2452688943594694,0.20356534607708454,0.041703552356921136,
3,260819,mixed,MIXED,CNN_RNND,3659,0.4652111120522022,0.36871952563524246,0.09649157535750419,
3,260819,mixed,MIXED,CNN_RNND,3660,0.35117167234420776,0.28324751555919647,0.0679241621401161,
3,260819,mixed,MIXED,CNN_RNND,3661,0.2787613682448864,0.2301373928785324,0.04862397303804755,
3,260819,mixed,MIXED,CNN_RNND,3662,0.22874106373637915,0.18844441697001457,0.04029664193512872,
3,260819,mixed,MIXED,CNN_RNND,3663,0.3980954550206661,0.32593828439712524,0.0721571696922183,
3,260819,mixed,MIXED,CNN_RNND,3664,0.5601107031106949,0.44086506962776184,0.11924562975764275,
3,260819,mixed,MIXED,CNN_RNND,3665,0.5174736827611923,0.411895789206028,0.10557789728045464,
3,260819,mixed,MIXED,CNN_RNND,3666,0.4217616878449917,0.34271637350320816,0.07904532412067056,
3,260819,mixed,MIXED,CNN_RNND,3667,0.3069187216460705,0.25660889595746994,0.05030982801690698,
3,260819,mixed,MIXED,CNN_RNND,3668,0.5383612960577011,0.42531437799334526,0.11304690968245268,
3,260819,mixed,MIXED,CNN_RNND,3669,0.35908468440175056,0.28915301337838173,0.06993167288601398,
3,260819,mixed,MIXED,CNN_RNND,3670,0.2799801751971245,0.23414046689867973,0.04583971109241247,
3,260819,mixed,MIXED,CNN_RNND,3671,0.42004967480897903,0.33389471657574177,0.08615496614947915,
3,260819,mixed,MIXED,CNN_RNND,3672,0.3638147935271263,0.2939646765589714,0.06985011929646134,
3,260819,mixed,MIXED,CNN_RNND,3673,0.5194220319390297,0.41286204755306244,0.10655998438596725,
3,260819,mixed,MIXED,CNN_RNND,3674,0.6118440926074982,0.4722987413406372,0.1395453531295061,
3,260819,mixed,MIXED,CNN_RNND,3675,0.37580883130431175,0.30535364151000977,0.07045518327504396,
3,260819,mixed,MIXED,CNN_RNND,3676,0.30240435153245926,0.24981239065527916,0.052591956220567226,
3,260819,mixed,MIXED,CNN_RNND,3677,0.3373699449002743,0.283228512853384,0.05414143204689026,
3,260819,mixed,MIXED,CNN_RNND,3678,0.4327187314629555,0.3488926887512207,0.08382604829967022,
3,260819,mixed,MIXED,CNN_RNND,3679,0.41102684289216995,0.33157359063625336,0.07945325039327145,
3,260819,mixed,MIXED,CNN_RNND,3680,0.4047582112252712,0.32743696868419647,0.0773212481290102,
3,260819,mixed,MIXED,CNN_RNND,3681,0.4471657946705818,0.35487914830446243,0.09228665381669998,
3,260819,mixed,MIXED,CNN_RNND,3682,0.2863979693502188,0.23542389459908009,0.05097407614812255,
3,260819,mixed,MIXED,CNN_RNND,3683,0.4005417861044407,0.32496248558163643,0.0755793135613203,
3,260819,mixed,MIXED,CNN_RNND,3684,0.7139656245708466,0.5475965440273285,0.16636907309293747,
3,260819,mixed,MIXED,CNN_RNND,3685,0.2158798687160015,0.19010770320892334,0.025772164575755596,
3,260819,mixed,MIXED,CNN_RNND,3686,0.6492295488715172,0.5082271248102188,0.14100244641304016,
3,260819,mixed,MIXED,CNN_RNND,3687,0.4993513226509094,0.396166056394577,0.10318526811897755,
3,260819,mixed,MIXED,CNN_RNND,3688,0.4630161114037037,0.3669065125286579,0.09610959701240063,
3,260819,mixed,MIXED,CNN_RNND,3689,0.4698724113404751,0.37210836075246334,0.09776405757293105,
3,260819,mixed,MIXED,CNN_RNND,3690,0.2658461667597294,0.22398800402879715,0.04185815853998065,
3,260819,mixed,MIXED,CNN_RNND,3691,0.6400719657540321,0.49690668284893036,0.1431652707979083,
3,260819,mixed,MIXED,CNN_RNND,3692,0.38821225985884666,0.3098027780652046,0.07840947480872273,
3,260819,mixed,MIXED,CNN_RNND,3693,0.479203037917614,0.38149918615818024,0.09770384896546602,
3,260819,mixed,MIXED,CNN_RNND,3694,0.38169828802347183,0.3124787099659443,0.06921957456506789,
3,260819,mixed,MIXED,CNN_RNND,3695,0.514735572040081,0.4080564081668854,0.10667915921658278,
3,260819,mixed,MIXED,CNN_RNND,3696,0.5729633644223213,0.4425327479839325,0.13043061643838882,
3,260819,mixed,MIXED,CNN_RNND,3697,0.28688316978514194,0.2401607148349285,0.046722456347197294,
3,260819,mixed,MIXED,CNN_RNND,3698,0.44589243829250336,0.3549165613949299,0.09097586944699287,
3,260819,mixed,MIXED,CNN_RNND,3699,0.4948575869202614,0.39284851029515266,0.10200907452963293,
3,260819,mixed,MIXED,CNN_RNND,3700,0.3826025426387787,0.313163835555315,0.06943869404494762,
3,260819,mixed,MIXED,CNN_RNND,3701,0.2560883089900017,0.21137163043022156,0.0447166773956269,
3,260819,mixed,MIXED,CNN_RNND,3702,0.3378116562962532,0.2754061110317707,0.06240554782561958,
3,260819,mixed,MIXED,CNN_RNND,3703,0.5666649639606476,0.451893612742424,0.11477135494351387,
3,260819,mixed,MIXED,CNN_RNND,3704,0.518380343914032,0.40900061279535294,0.10937975160777569,
3,260819,mixed,MIXED,CNN_RNND,3705,0.4933316260576248,0.395808732137084,0.09752289159223437,
3,260819,mixed,MIXED,CNN_RNND,3706,0.23964090645313263,0.2027110457420349,0.03692986676469445,
3,260819,mixed,MIXED,CNN_RNND,3707,0.38834162428975105,0.30794959515333176,0.08039203798398376,
3,260819,mixed,MIXED,CNN_RNND,3708,0.3991967961192131,0.3231806978583336,0.07601609639823437,
3,260819,mixed,MIXED,CNN_RNND,3709,0.399391558021307,0.3200463689863682,0.07934518670663238,
3,260819,mixed,MIXED,CNN_RNND,3710,0.4094957746565342,0.33751143515110016,0.07198433624580503,
3,260819,mixed,MIXED,CNN_RNND,3711,0.4443419724702835,0.3551405966281891,0.08920138143002987,
3,260819,mixed,MIXED,CNN_RNND,3712,0.3925569001585245,0.31995090655982494,0.07260599196888506,
3,260819,mixed,MIXED,CNN_RNND,3713,0.25242908485233784,0.21458932757377625,0.03783975006081164,
3,260819,mixed,MIXED,CNN_RNND,3714,0.30989596992731094,0.2562895491719246,0.05360642494633794,
3,260819,mixed,MIXED,CNN_RNND,3715,0.504145011305809,0.3953496217727661,0.10879538836888969,
3,260819,mixed,MIXED,CNN_RNND,3716,0.5391927510499954,0.4236476793885231,0.11554506327956915,
3,260819,mixed,MIXED,CNN_RNND,3717,0.270644823089242,0.22616945952177048,0.044475368107669055,
3,260819,mixed,MIXED,CNN_RNND,3718,0.4716215059161186,0.37420808523893356,0.09741341136395931,
3,260819,mixed,MIXED,CNN_RNND,3719,0.5129012018442154,0.40686802566051483,0.10603317432105541,
3,260819,mixed,MIXED,CNN_RNND,3720,0.2780975680798292,0.22812335938215256,0.04997421090956777,
3,260819,mixed,MIXED,CNN_RNND,3721,0.38202874176204205,0.31022391095757484,0.07180482312105596,
3,260819,mixed,MIXED,CNN_RNND,3722,0.34179703891277313,0.2828530892729759,0.05894395150244236,
3,260819,mixed,MIXED,CNN_RNND,3723,0.5068099722266197,0.4042055532336235,0.10260442458093166,
3,260819,mixed,MIXED,CNN_RNND,3724,0.3207811899483204,0.26199521869421005,0.058785967994481325,
3,260819,mixed,MIXED,CNN_RNND,3725,0.6114082634449005,0.474764347076416,0.136643934994936,
3,260819,mixed,MIXED,CNN_RNND,3726,0.4062199480831623,0.33282725512981415,0.07339269947260618,
3,260819,mixed,MIXED,CNN_RNND,3727,0.3932458311319351,0.32101936265826225,0.07222647499293089,
3,260819,mixed,MIXED,CNN_RNND,3728,0.2989497072994709,0.24877244792878628,0.050177267752587795,
3,260819,mixed,MIXED,CNN_RNND,3729,0.3160966858267784,0.2614510804414749,0.05464560631662607,
3,260819,mixed,MIXED,CNN_RNND,3730,0.46025165170431137,0.3659736067056656,0.09427804965525866,
3,260819,mixed,MIXED,CNN_RNND,3731,0.44956114143133163,0.35885773971676826,0.09070340357720852,
3,260819,mixed,MIXED,CNN_RNND,3732,0.38670992851257324,0.30322534404695034,0.08348457608371973,
3,260819,mixed,MIXED,CNN_RNND,3733,0.502107061445713,0.3933485522866249,0.10875850543379784,
3,260819,mixed,MIXED,CNN_RNND,3734,0.2492222860455513,0.2160721756517887,0.03315011051017791,
3,260819,mixed,MIXED,CNN_RNND,3735,0.45659036561846733,0.3664436861872673,0.09014667756855488,
3,260819,mixed,MIXED,CNN_RNND,3736,0.430673573166132,0.350135400891304,0.08053816575556993,
3,260819,mixed,MIXED,CNN_RNND,3737,0.2933184392750263,0.24346600286662579,0.0498524340800941,
3,260819,mixed,MIXED,CNN_RNND,3738,0.3748341202735901,0.2981145177036524,0.07671960815787315,
3,260819,mixed,MIXED,CNN_RNND,3739,0.48536936193704605,0.38884613662958145,0.09652322623878717,
3,260819,mixed,MIXED,CNN_RNND,3740,0.45360227674245834,0.3661595806479454,0.08744269423186779,
3,260819,mixed,MIXED,CNN_RNND,3741,0.30752527341246605,0.24869108386337757,0.05883418628945947,
3,260819,mixed,MIXED,CNN_RNND,3742,0.37659138068556786,0.29922325164079666,0.07736813090741634,
3,260819,mixed,MIXED,CNN_RNND,3743,0.2728954926133156,0.2219288321211934,0.050966656737728044,
3,260819,mixed,MIXED,CNN_RNND,3744,0.3940785601735115,0.3248484134674072,0.06923015974462032,
3,260819,mixed,MIXED,CNN_RNND,3745,0.4283686466515064,0.34726259484887123,0.08110605087131262,
3,260819,mixed,MIXED,CNN_RNND,3746,0.4576888903975487,0.36206626147031784,0.09562262427061796,
3,260819,mixed,MIXED,CNN_RNND,3747,0.48302144929766655,0.3828238993883133,0.10019755270332098,
3,260819,mixed,MIXED,CNN_RNND,3748,0.5080564618110657,0.40337782353162766,0.10467864200472832,
3,260819,mixed,MIXED,CNN_RNND,3749,0.48061491549015045,0.3794555552303791,0.1011593482689932,
3,260819,mixed,MIXED,CNN_RNND,3750,0.57768864184618,0.46028463542461395,0.11740400455892086,
3,260819,mixed,MIXED,CNN_RNND,3751,0.4528684765100479,0.35471396148204803,0.09815450944006443,
3,260819,mixed,MIXED,CNN_RNND,3752,0.38487381860613823,0.31556088849902153,0.06931293290108442,
3,260819,mixed,MIXED,CNN_RNND,3753,0.4230295680463314,0.34016115218400955,0.0828684139996767,
3,260819,mixed,MIXED,CNN_RNND,3754,0.2617417238652706,0.22621047496795654,0.035531246569007635,
3,260819,mixed,MIXED,CNN_RNND,3755,0.4266868866980076,0.34553127735853195,0.0811556139960885,
3,260819,mixed,MIXED,CNN_RNND,3756,0.42530129849910736,0.34160710126161575,0.08369419351220131,
3,260819,mixed,MIXED,CNN_RNND,3757,0.5169512704014778,0.40577997267246246,0.11117130145430565,
3,260819,mixed,MIXED,CNN_RNND,3758,0.3611372262239456,0.2952943444252014,0.06584288366138935,
3,260819,mixed,MIXED,CNN_RNND,3759,0.36937156319618225,0.29767436161637306,0.07169720344245434,
3,260819,mixed,MIXED,CNN_RNND,3760,0.560119703412056,0.43786798417568207,0.1222517155110836,
3,260819,mixed,MIXED,CNN_RNND,3761,0.34235160052776337,0.28280463069677353,0.059546965174376965,
3,260819,mixed,MIXED,CNN_RNND,3762,0.45539097487926483,0.3679014518857002,0.08748952066525817,
3,260819,mixed,MIXED,CNN_RNND,3763,0.3594104703515768,0.2912792284041643,0.06813123298343271,
3,260819,mixed,MIXED,CNN_RNND,3764,0.40839942172169685,0.3320622593164444,0.07633716613054276,
3,260819,mixed,MIXED,CNN_RNND,3765,0.38952621817588806,0.3143840432167053,0.07514216797426343,
3,260819,mixed,MIXED,CNN_RNND,3766,0.36966827884316444,0.30762041360139847,0.06204785732552409,
3,260819,mixed,MIXED,CNN_RNND,3767,0.5131503343582153,0.4032571241259575,0.10989321395754814,
3,260819,mixed,MIXED,CNN_RNND,3768,0.2718510627746582,0.22456629946827888,0.04728476516902447,
3,260819,mixed,MIXED,CNN_RNND,3769,0.35648136027157307,0.28812548518180847,0.06835587334353477,
3,260819,mixed,MIXED,CNN_RNND,3770,0.4348117895424366,0.3463803678750992,0.08843141235411167,
3,260819,mixed,MIXED,CNN_RNND,3771,0.3467389699071646,0.28091821633279324,0.0658207526721526,
3,260819,mixed,MIXED,CNN_RNND,3772,0.2846453860402107,0.23916099965572357,0.045484382659196854,
3,260819,mixed,MIXED,CNN_RNND,3773,0.5046812146902084,0.3982483893632889,0.10643283650279045,
3,260819,mixed,MIXED,CNN_RNND,3774,0.42587076872587204,0.34170272946357727,0.08416804857552052,
3,260819,mixed,MIXED,CNN_RNND,3775,0.26118629798293114,0.21477455832064152,0.046411741292104125,
3,260819,mixed,MIXED,CNN_RNND,3776,0.5356103852391243,0.42317263782024384,0.11243774276226759,
3,260819,mixed,MIXED,CNN_RNND,3777,0.4578470718115568,0.36639996990561485,0.09144709631800652,
3,260819,mixed,MIXED,CNN_RNND,3778,0.3552609644830227,0.2908559590578079,0.06440499238669872,
3,260819,mixed,MIXED,CNN_RNND,3779,0.4268151856958866,0.336950458586216,0.08986473921686411,
3,260819,mixed,MIXED,CNN_RNND,3780,0.3674026243388653,0.3013995885848999,0.06600302667357028,
3,260819,mixed,MIXED,CNN_RNND,3781,0.348010778427124,0.28594207763671875,0.06206871150061488,
3,260819,mixed,MIXED,CNN_RNND,3782,0.24642030149698257,0.2052387073636055,0.041181594715453684,
3,260819,mixed,MIXED,CNN_RNND,3783,0.436466958373785,0.3515603020787239,0.08490664418786764,
3,260819,mixed,MIXED,CNN_RNND,3784,0.4166061356663704,0.3361830972135067,0.08042302913963795,
3,260819,mixed,MIXED,CNN_RNND,3785,0.42873920127749443,0.34506648406386375,0.0836727237328887,
3,260819,mixed,MIXED,CNN_RNND,3786,0.29866989701986313,0.24638992547988892,0.05227995943278074,
3,260819,mixed,MIXED,CNN_RNND,3787,0.36149945110082626,0.2973036114126444,0.06419584015384316,
3,260819,mixed,MIXED,CNN_RNND,3788,0.387286176905036,0.320364523679018,0.06692164251580834,
3,260819,mixed,MIXED,CNN_RNND,3789,0.37704177014529705,0.3055190071463585,0.07152275880798697,
3,260819,mixed,MIXED,CNN_RNND,3790,0.5303328037261963,0.41824647784233093,0.11208632402122021,
3,260819,mixed,MIXED,CNN_RNND,3791,0.31724265217781067,0.2624424621462822,0.0548001853749156,
3,260819,mixed,MIXED,CNN_RNND,3792,0.2783477082848549,0.23926934972405434,0.03907835576683283,
3,260819,mixed,MIXED,CNN_RNND,3793,0.5768386870622635,0.4533703103661537,0.12346838787198067,
3,260819,mixed,MIXED,CNN_RNND,3794,0.4442286267876625,0.3511110097169876,0.09311762265861034,
3,260819,mixed,MIXED,CNN_RNND,3795,0.3007228523492813,0.25003940239548683,0.05068344483152032,
3,260819,mixed,MIXED,CNN_RNND,3796,0.4245554506778717,0.3433779440820217,0.08117749879602343,
3,260819,mixed,MIXED,CNN_RNND,3797,0.38740771263837814,0.31354427337646484,0.07386343949474394,
3,260819,mixed,MIXED,CNN_RNND,3798,0.5888378173112869,0.46425100415945053,0.12458681501448154,
3,260819,mixed,MIXED,CNN_RNND,3799,0.28814403153955936,0.24396353028714657,0.04418050462845713,
3,260819,mixed,MIXED,CNN_RNND,3800,0.4383772537112236,0.3487476631999016,0.0896295951679349,-1.037019517611971
3,260819,mixed,MIXED,CNN_RNND,3801,0.38063787668943405,0.30948884412646294,0.07114903163164854,
3,260819,mixed,MIXED,CNN_RNND,3802,0.5073479115962982,0.3980089947581291,0.10933891031891108,
3,260819,mixed,MIXED,CNN_RNND,3803,0.46119130216538906,0.3668333664536476,0.09435794176533818,
3,260819,mixed,MIXED,CNN_RNND,3804,0.5212535597383976,0.41842149943113327,0.10283206962049007,
3,260819,mixed,MIXED,CNN_RNND,3805,0.25488876551389694,0.2182905115187168,0.03659825038630515,
3,260819,mixed,MIXED,CNN_RNND,3806,0.3363264948129654,0.28147928789258003,0.05484721064567566,
3,260819,mixed,MIXED,CNN_RNND,3807,0.37230783700942993,0.2943764515221119,0.07793138362467289,
3,260819,mixed,MIXED,CNN_RNND,3808,0.5106550678610802,0.405394084751606,0.10526098497211933,
3,260819,mixed,MIXED,CNN_RNND,3809,0.5215453207492828,0.4086075834929943,0.11293773725628853,
3,260819,mixed,MIXED,CNN_RNND,3810,0.408471766859293,0.3319801725447178,0.07649160083383322,
3,260819,mixed,MIXED,CNN_RNND,3811,0.4578567147254944,0.3624388575553894,0.09541785530745983,
3,260819,mixed,MIXED,CNN_RNND,3812,0.44375376403331757,0.3549478128552437,0.08880595932714641,
3,260819,mixed,MIXED,CNN_RNND,3813,0.3826364129781723,0.30433905124664307,0.07829735800623894,
3,260819,mixed,MIXED,CNN_RNND,3814,0.4914891645312309,0.3948139175772667,0.09667523391544819,
3,260819,mixed,MIXED,CNN_RNND,3815,0.5784616619348526,0.45651552081108093,0.12194613553583622,
3,260819,mixed,MIXED,CNN_RNND,3816,0.4173239003866911,0.33302792720496655,0.08429598424118012,
3,260819,mixed,MIXED,CNN_RNND,3817,0.42240507155656815,0.34454362094402313,0.07786144036799669,
3,260819,mixed,MIXED,CNN_RNND,3818,0.5581983178853989,0.43856583908200264,0.11963247321546078,
3,260819,mixed,MIXED,CNN_RNND,3819,0.3608455937355757,0.2914442755281925,0.06940130691509694,
3,260819,mixed,MIXED,CNN_RNND,3820,0.3663824312388897,0.29450416937470436,0.07187825813889503,
3,260819,mixed,MIXED,CNN_RNND,3821,0.31182625889778137,0.2515128217637539,0.060313427820801735,
3,260819,mixed,MIXED,CNN_RNND,3822,0.35853850468993187,0.2919470742344856,0.06659143324941397,
3,260819,mixed,MIXED,CNN_RNND,3823,0.5161591321229935,0.4036448523402214,0.11251427605748177,
3,260819,mixed,MIXED,CNN_RNND,3824,0.5513012856245041,0.4424877054989338,0.10881359130144119,
3,260819,mixed,MIXED,CNN_RNND,3825,0.4170748218894005,0.33212098106741905,0.08495384128764272,
3,260819,mixed,MIXED,CNN_RNND,3826,0.5356368198990822,0.4244348630309105,0.11120195500552654,
3,260819,mixed,MIXED,CNN_RNND,3827,0.3403839096426964,0.27495958656072617,0.06542432215064764,
3,260819,mixed,MIXED,CNN_RNND,3828,0.4813286028802395,0.3782610855996609,0.10306750843301415,
3,260819,mixed,MIXED,CNN_RNND,3829,0.48022040724754333,0.3773799538612366,0.10284045152366161,
3,260819,mixed,MIXED,CNN_RNND,3830,0.40611470118165016,0.32818081229925156,0.07793388608843088,
3,260819,mixed,MIXED,CNN_RNND,3831,0.49285291135311127,0.39654864370822906,0.0963042713701725,
3,260819,mixed,MIXED,CNN_RNND,3832,0.41224195063114166,0.3267422541975975,0.08549970085732639,
3,260819,mixed,MIXED,CNN_RNND,3833,0.23766155913472176,0.20468437857925892,0.03297718585235998,
3,260819,mixed,MIXED,CNN_RNND,3834,0.6300980821251869,0.48965659737586975,0.14044149219989777,
3,260819,mixed,MIXED,CNN_RNND,3835,0.3346567153930664,0.2686855085194111,0.06597120687365532,
3,260819,mixed,MIXED,CNN_RNND,3836,0.37848127633333206,0.31132103502750397,0.06716024037450552,
3,260819,mixed,MIXED,CNN_RNND,3837,0.30482496321201324,0.251770555973053,0.053054413292557,
3,260819,mixed,MIXED,CNN_RNND,3838,0.46012919023633003,0.36602815613150597,0.09410103660775349,
3,260819,mixed,MIXED,CNN_RNND,3839,0.4412829950451851,0.35189327597618103,0.08938971068710089,
3,260819,mixed,MIXED,CNN_RNND,3840,0.49622226879000664,0.3903050571680069,0.10591722000390291,
3,260819,mixed,MIXED,CNN_RNND,3841,0.3143230713903904,0.2617316320538521,0.052591435611248016,
3,260819,mixed,MIXED,CNN_RNND,3842,0.30406554043293,0.2563454285264015,0.047720108181238174,
3,260819,mixed,MIXED,CNN_RNND,3843,0.4409858360886574,0.36068499088287354,0.08030085172504187,
3,260819,mixed,MIXED,CNN_RNND,3844,0.3297496847808361,0.2623546030372381,0.06739509032922797,
3,260819,mixed,MIXED,CNN_RNND,3845,0.29418373107910156,0.24392946437001228,0.05025426798965782,
3,260819,mixed,MIXED,CNN_RNND,3846,0.406896885484457,0.32754509150981903,0.079351797234267,
3,260819,mixed,MIXED,CNN_RNND,3847,0.36225781589746475,0.29793529212474823,0.06432252656668425,
3,260819,mixed,MIXED,CNN_RNND,3848,0.1698665153235197,0.14841913618147373,0.0214473782107234,
3,260819,mixed,MIXED,CNN_RNND,3849,0.21646244451403618,0.18320009484887123,0.03326234919950366,
3,260819,mixed,MIXED,CNN_RNND,3850,0.5222500115633011,0.4152621105313301,0.10698790196329355,
3,260819,mixed,MIXED,CNN_RNND,3851,0.471005842089653,0.38202789425849915,0.08897794969379902,
3,260819,mixed,MIXED,CNN_RNND,3852,0.27560530230402946,0.23176340013742447,0.043841897044330835,
3,260819,mixed,MIXED,CNN_RNND,3853,0.2689807340502739,0.22885702922940254,0.04012370528653264,
3,260819,mixed,MIXED,CNN_RNND,3854,0.4461132735013962,0.3565381057560444,0.08957517659291625,
3,260819,mixed,MIXED,CNN_RNND,3855,0.733118012547493,0.5767742469906807,0.1563437581062317,
3,260819,mixed,MIXED,CNN_RNND,3856,0.27609759010374546,0.22799407318234444,0.04810351715423167,
3,260819,mixed,MIXED,CNN_RNND,3857,0.5331746116280556,0.4276963695883751,0.10547824762761593,
3,260819,mixed,MIXED,CNN_RNND,3858,0.40735507756471634,0.3346073776483536,0.07274770271033049,
3,260819,mixed,MIXED,CNN_RNND,3859,0.3709116205573082,0.3089038208127022,0.06200779974460602,
3,260819,mixed,MIXED,CNN_RNND,3860,0.4679742306470871,0.370057113468647,0.09791711159050465,
3,260819,mixed,MIXED,CNN_RNND,3861,0.4880146235227585,0.39527688175439835,0.09273774549365044,
3,260819,mixed,MIXED,CNN_RNND,3862,0.26798518374562263,0.2260247766971588,0.041960404720157385,
3,260819,mixed,MIXED,CNN_RNND,3863,0.39687032252550125,0.3272992894053459,0.06957103777676821,
3,260819,mixed,MIXED,CNN_RNND,3864,0.4451720416545868,0.359515056014061,0.08565699122846127,
3,260819,mixed,MIXED,CNN_RNND,3865,0.4311252534389496,0.3494901582598686,0.08163509517908096,
3,260819,mixed,MIXED,CNN_RNND,3866,0.42323746159672737,0.3431960642337799,0.08004140667617321,
3,260819,mixed,MIXED,CNN_RNND,3867,0.4714846909046173,0.3841490037739277,0.08733567968010902,
3,260819,mixed,MIXED,CNN_RNND,3868,0.5707032158970833,0.44474707171320915,0.12595613952726126,
3,260819,mixed,MIXED,CNN_RNND,3869,0.4175892770290375,0.34668242931365967,0.07090685237199068,
3,260819,mixed,MIXED,CNN_RNND,3870,0.5798047035932541,0.456031858921051,0.12377285212278366,
3,260819,mixed,MIXED,CNN_RNND,3871,0.3902665637433529,0.31464065983891487,0.07562590669840574,
3,260819,mixed,MIXED,CNN_RNND,3872,0.36461545526981354,0.2990417592227459,0.06557369325309992,
3,260819,mixed,MIXED,CNN_RNND,3873,0.5478933826088905,0.42806583642959595,0.11982755176723003,
3,260819,mixed,MIXED,CNN_RNND,3874,0.5116501972079277,0.39738593250513077,0.11426426470279694,
3,260819,mixed,MIXED,CNN_RNND,3875,0.4195506349205971,0.3457716032862663,0.07377902790904045,
3,260819,mixed,MIXED,CNN_RNND,3876,0.35824184119701385,0.29304032400250435,0.0652015176601708,
3,260819,mixed,MIXED,CNN_RNND,3877,0.3582763001322746,0.2864927463233471,0.07178354915231466,
3,260819,mixed,MIXED,CNN_RNND,3878,0.44859010726213455,0.3551889657974243,0.09340113960206509,
3,260819,mixed,MIXED,CNN_RNND,3879,0.3666900433599949,0.30188093334436417,0.06480911513790488,
3,260819,mixed,MIXED,CNN_RNND,3880,0.45079208817332983,0.36136049032211304,0.0894316005287692,
3,260819,mixed,MIXED,CNN_RNND,3881,0.3288229461759329,0.2663621883839369,0.06246075953822583,
3,260819,mixed,MIXED,CNN_RNND,3882,0.4618716314435005,0.36687980964779854,0.09499181853607297,
3,260819,mixed,MIXED,CNN_RNND,3883,0.5045524202287197,0.3910558447241783,0.11349657271057367,
3,260819,mixed,MIXED,CNN_RNND,3884,0.4107141047716141,0.33542895689606667,0.075285155326128,
3,260819,mixed,MIXED,CNN_RNND,3885,0.4231928400695324,0.33594633638858795,0.08724649529904127,
3,260819,mixed,MIXED,CNN_RNND,3886,0.32506969943642616,0.27259135991334915,0.052478340454399586,
3,260819,mixed,MIXED,CNN_RNND,3887,0.22422870062291622,0.1960112378001213,0.028217464918270707,
3,260819,mixed,MIXED,CNN_RNND,3888,0.4502593129873276,0.36039572581648827,0.0898635983467102,
3,260819,mixed,MIXED,CNN_RNND,3889,0.37811359390616417,0.3072303608059883,0.07088323635980487,
3,260819,mixed,MIXED,CNN_RNND,3890,0.47992875427007675,0.3828887641429901,0.09703998640179634,
3,260819,mixed,MIXED,CNN_RNND,3891,0.4202195145189762,0.33641643077135086,0.08380309352651238,
3,260819,mixed,MIXED,CNN_RNND,3892,0.2806054353713989,0.22899731993675232,0.05160810996312648,
3,260819,mixed,MIXED,CNN_RNND,3893,0.3887137100100517,0.31288231164216995,0.07583140302449465,
3,260819,mixed,MIXED,CNN_RNND,3894,0.18014363199472427,0.15390443056821823,0.026239197002723813,
3,260819,mixed,MIXED,CNN_RNND,3895,0.587571382522583,0.4638280048966408,0.12374337203800678,
3,260819,mixed,MIXED,CNN_RNND,3896,0.3720405399799347,0.30575113743543625,0.06628939881920815,
3,260819,mixed,MIXED,CNN_RNND,3897,0.4776935949921608,0.38558780774474144,0.09210578654892743,
3,260819,mixed,MIXED,CNN_RNND,3898,0.5324360281229019,0.4242403358221054,0.10819568857550621,
3,260819,mixed,MIXED,CNN_RNND,3899,0.5977954268455505,0.47463784366846085,0.1231575720012188,
3,260819,mixed,MIXED,CNN_RNND,3900,0.5016671754419804,0.3973800837993622,0.10428708884865046,
3,260819,mixed,MIXED,CNN_RNND,3901,0.3697304278612137,0.3030371256172657,0.06669330922886729,
3,260819,mixed,MIXED,CNN_RNND,3902,0.5445610657334328,0.4347982816398144,0.10976278502494097,
3,260819,mixed,MIXED,CNN_RNND,3903,0.24430961906909943,0.2080008201301098,0.03630880173295736,
3,260819,mixed,MIXED,CNN_RNND,3904,0.4763028472661972,0.37778618931770325,0.09851666167378426,
3,260819,mixed,MIXED,CNN_RNND,3905,0.4185339976102114,0.3355492353439331,0.08298475330229849,
3,260819,mixed,MIXED,CNN_RNND,3906,0.47801488637924194,0.37929781526327133,0.09871706925332546,
3,260819,mixed,MIXED,CNN_RNND,3907,0.4037897177040577,0.32850437611341476,0.07528533483855426,
3,260819,mixed,MIXED,CNN_RNND,3908,0.45582500100135803,0.3654469847679138,0.09037800878286362,
3,260819,mixed,MIXED,CNN_RNND,3909,0.49448151141405106,0.39742667227983475,0.09705483913421631,
3,260819,mixed,MIXED,CNN_RNND,3910,0.42945823073387146,0.34511250257492065,0.08434572257101536,
3,260819,mixed,MIXED,CNN_RNND,3911,0.33437661826610565,0.27477122098207474,0.05960538983345032,
3,260819,mixed,MIXED,CNN_RNND,3912,0.425348237156868,0.3410918302834034,0.08425641432404518,
3,260819,mixed,MIXED,CNN_RNND,3913,0.4688572958111763,0.37674266286194324,0.09211462130770087,
3,260819,mixed,MIXED,CNN_RNND,3914,0.47805874049663544,0.3822484686970711,0.09581027366220951,
3,260819,mixed,MIXED,CNN_RNND,3915,0.3659803196787834,0.30272190645337105,0.06325840717181563,
3,260819,mixed,MIXED,CNN_RNND,3916,0.2754673473536968,0.23427521251142025,0.04119213070953265,
3,260819,mixed,MIXED,CNN_RNND,3917,0.4146683346480131,0.3309554196894169,0.08371290424838662,
3,260819,mixed,MIXED,CNN_RNND,3918,0.4885437414050102,0.3931349441409111,0.09540880285203457,
3,260819,mixed,MIXED,CNN_RNND,3919,0.5088968798518181,0.40578606724739075,0.10311080329120159,
3,260819,mixed,MIXED,CNN_RNND,3920,0.36917493492364883,0.2973978780210018,0.07177705428330228,
3,260819,mixed,MIXED,CNN_RNND,3921,0.4344221204519272,0.35929984971880913,0.07512226700782776,
3,260819,mixed,MIXED,CNN_RNND,3922,0.24219617620110512,0.20853416994214058,0.03366200334858149,
3,260819,mixed,MIXED,CNN_RNND,3923,0.4587033949792385,0.37376753985881805,0.08493585209362209,
3,260819,mixed,MIXED,CNN_RNND,3924,0.5620386488735676,0.4498381093144417,0.11220053303986788,
3,260819,mixed,MIXED,CNN_RNND,3925,0.4132122229784727,0.3326023258268833,0.08060989598743618,
3,260819,mixed,MIXED,CNN_RNND,3926,0.42709774523973465,0.34836313128471375,0.07873461721464992,
3,260819,mixed,MIXED,CNN_RNND,3927,0.357049360871315,0.2950100302696228,0.06203933246433735,
3,260819,mixed,MIXED,CNN_RNND,3928,0.38723888248205185,0.31852293759584427,0.06871594116091728,
3,260819,mixed,MIXED,CNN_RNND,3929,0.3434324488043785,0.288055956363678,0.05537649430334568,
3,260819,mixed,MIXED,CNN_RNND,3930,0.4142957702279091,0.3270520642399788,0.08724370552226901,
3,260819,mixed,MIXED,CNN_RNND,3931,0.40281250327825546,0.32854245975613594,0.07427004538476467,
3,260819,mixed,MIXED,CNN_RNND,3932,0.356429286301136,0.28779054433107376,0.06863874825648963,
3,260819,mixed,MIXED,CNN_RNND,3933,0.5817331895232201,0.45933227241039276,0.12240091525018215,
3,260819,mixed,MIXED,CNN_RNND,3934,0.47154834121465683,0.3790821209549904,0.09246621606871486,
3,260819,mixed,MIXED,CNN_RNND,3935,0.30801643058657646,0.2585196979343891,0.04949674045201391,
3,260819,mixed,MIXED,CNN_RNND,3936,0.437212523072958,0.34952763095498085,0.08768489956855774,
3,260819,mixed,MIXED,CNN_RNND,3937,0.5192117169499397,0.4055112898349762,0.11370041687041521,
3,260819,mixed,MIXED,CNN_RNND,3938,0.40582842752337456,0.32775625959038734,0.07807216513901949,
3,260819,mixed,MIXED,CNN_RNND,3939,0.4900084063410759,0.38778385147452354,0.10222456324845552,
3,260819,mixed,MIXED,CNN_RNND,3940,0.5389855057001114,0.4271053299307823,0.11188017763197422,
3,260819,mixed,MIXED,CNN_RNND,3941,0.4674247205257416,0.3749247267842293,0.0924999974668026,
3,260819,mixed,MIXED,CNN_RNND,3942,0.4106457717716694,0.3306719660758972,0.07997379638254642,
3,260819,mixed,MIXED,CNN_RNND,3943,0.389884352684021,0.3215313218533993,0.06835303083062172,
3,260819,mixed,MIXED,CNN_RNND,3944,0.5603542327880859,0.4463852196931839,0.11396901309490204,
3,260819,mixed,MIXED,CNN_RNND,3945,0.3944188989698887,0.31777922436594963,0.0766396801918745,
3,260819,mixed,MIXED,CNN_RNND,3946,0.28931521251797676,0.23715396970510483,0.05216124374419451,
3,260819,mixed,MIXED,CNN_RNND,3947,0.2849016897380352,0.24074158445000648,0.04416010691784322,
3,260819,mixed,MIXED,CNN_RNND,3948,0.5623579248785973,0.4516688175499439,0.11068910174071789,
3,260819,mixed,MIXED,CNN_RNND,3949,0.4633129686117172,0.37273816764354706,0.09057478979229927,
3,260819,mixed,MIXED,CNN_RNND,3950,0.5045499205589294,0.3939294293522835,0.11062049120664597,
3,260819,mixed,MIXED,CNN_RNND,3951,0.3900596499443054,0.31814130395650864,0.07191835716366768,
3,260819,mixed,MIXED,CNN_RNND,3952,0.34294524043798447,0.2819107621908188,0.061034465208649635,
3,260819,mixed,MIXED,CNN_RNND,3953,0.4397183433175087,0.3571472018957138,0.08257113583385944,
3,260819,mixed,MIXED,CNN_RNND,3954,0.5454474240541458,0.43105506151914597,0.11439236253499985,
3,260819,mixed,MIXED,CNN_RNND,3955,0.3655565530061722,0.30228257179260254,0.06327398866415024,
3,260819,mixed,MIXED,CNN_RNND,3956,0.4159797430038452,0.3325866870582104,0.08339305222034454,
3,260819,mixed,MIXED,CNN_RNND,3957,0.44467523880302906,0.36068772338330746,0.08398752543143928,
3,260819,mixed,MIXED,CNN_RNND,3958,0.3489105701446533,0.28437599167227745,0.06453457940369844,
3,260819,mixed,MIXED,CNN_RNND,3959,0.3169386386871338,0.2672387510538101,0.049699884839355946,
3,260819,mixed,MIXED,CNN_RNND,3960,0.522131972014904,0.41212789714336395,0.11000407300889492,
3,260819,mixed,MIXED,CNN_RNND,3961,0.5000013783574104,0.39993448927998543,0.10006688721477985,
3,260819,mixed,MIXED,CNN_RNND,3962,0.4709676317870617,0.3770202063024044,0.09394742362201214,
3,260819,mixed,MIXED,CNN_RNND,3963,0.38761109858751297,0.3139007091522217,0.07371038571000099,
3,260819,mixed,MIXED,CNN_RNND,3964,0.3291308470070362,0.2716444842517376,0.05748636554926634,
3,260819,mixed,MIXED,CNN_RNND,3965,0.4460494890809059,0.3651687800884247,0.08088070899248123,
3,260819,mixed,MIXED,CNN_RNND,3966,0.4844297915697098,0.3935978300869465,0.09083195962011814,
3,260819,mixed,MIXED,CNN_RNND,3967,0.42686424404382706,0.347302183508873,0.07956206612288952,
3,260819,mixed,MIXED,CNN_RNND,3968,0.5699609369039536,0.450494609773159,0.11946633085608482,
3,260819,mixed,MIXED,CNN_RNND,3969,0.3970761504024267,0.3211305998265743,0.07594555732794106,
3,260819,mixed,MIXED,CNN_RNND,3970,0.258127897977829,0.21919673308730125,0.03893117420375347,
3,260819,mixed,MIXED,CNN_RNND,3971,0.502279669046402,0.40382204204797745,0.09845761768519878,
3,260819,mixed,MIXED,CNN_RNND,3972,0.5242075324058533,0.4170255586504936,0.1071819793432951,
3,260819,mixed,MIXED,CNN_RNND,3973,0.3894824720919132,0.32031314820051193,0.06916931550949812,
3,260819,mixed,MIXED,CNN_RNND,3974,0.37313541397452354,0.30573390424251556,0.06740150460973382,
3,260819,mixed,MIXED,CNN_RNND,3975,0.3410444110631943,0.28099968284368515,0.060044730082154274,
3,260819,mixed,MIXED,CNN_RNND,3976,0.5254959464073181,0.4171181544661522,0.10837780497968197,
3,260819,mixed,MIXED,CNN_RNND,3977,0.49184345453977585,0.3881038874387741,0.10373956523835659,
3,260819,mixed,MIXED,CNN_RNND,3978,0.3318360112607479,0.2788217253983021,0.05301428772509098,
3,260819,mixed,MIXED,CNN_RNND,3979,0.29014464654028416,0.2418877426534891,0.048256896960083395,
3,260819,mixed,MIXED,CNN_RNND,3980,0.2749062515795231,0.23161901161074638,0.04328723857179284,
3,260819,mixed,MIXED,CNN_RNND,3981,0.40880267322063446,0.32834457978606224,0.08045809715986252,
3,260819,mixed,MIXED,CNN_RNND,3982,0.2693618591874838,0.22387758642435074,0.045484270551241934,
3,260819,mixed,MIXED,CNN_RNND,3983,0.4774031862616539,0.3802186921238899,0.09718449600040913,
3,260819,mixed,MIXED,CNN_RNND,3984,0.341901496052742,0.28425129875540733,0.0576501926407218,
3,260819,mixed,MIXED,CNN_RNND,3985,0.36679727025330067,0.29935465194284916,0.06744261388666928,
3,260819,mixed,MIXED,CNN_RNND,3986,0.43530645221471786,0.3485313355922699,0.08677511289715767,
3,260819,mixed,MIXED,CNN_RNND,3987,0.33138193748891354,0.27412448078393936,0.057257458101958036,
3,260819,mixed,MIXED,CNN_RNND,3988,0.31710324063897133,0.26556335762143135,0.051539880223572254,
3,260819,mixed,MIXED,CNN_RNND,3989,0.5181346572935581,0.4195142723619938,0.09862037841230631,
3,260819,mixed,MIXED,CNN_RNND,3990,0.2297867275774479,0.19620375707745552,0.033582965610548854,
3,260819,mixed,MIXED,CNN_RNND,3991,0.37989133782684803,0.3154081515967846,0.06448319100309163,
3,260819,mixed,MIXED,CNN_RNND,3992,0.4602620378136635,0.369361262768507,0.09090078412555158,
3,260819,mixed,MIXED,CNN_RNND,3993,0.39860977977514267,0.31996285170316696,0.07864692434668541,
3,260819,mixed,MIXED,CNN_RNND,3994,0.4467776380479336,0.3625219985842705,0.08425564412027597,
3,260819,mixed,MIXED,CNN_RNND,3995,0.38992132246494293,0.318330854177475,0.07159047992900014,
3,260819,mixed,MIXED,CNN_RNND,3996,0.432657927274704,0.3458193317055702,0.08683859324082732,
3,260819,mixed,MIXED,CNN_RNND,3997,0.5862438604235649,0.4640803709626198,0.12216349504888058,
3,260819,mixed,MIXED,CNN_RNND,3998,0.35079531371593475,0.28401176258921623,0.0667835520580411,
3,260819,mixed,MIXED,CNN_RNND,3999,0.3518672361969948,0.28603189438581467,0.06583533715456724,
3,260819,mixed,MIXED,CNN_RNND,4000,0.24773307889699936,0.2124340571463108,0.03529902268201113,-1.0508301888527767
3,260819,mixed,MIXED,CNN_RNND,4001,0.40930816158652306,0.33490218967199326,0.07440598588436842,
3,260819,mixed,MIXED,CNN_RNND,4002,0.2661597393453121,0.2263951413333416,0.03976459940895438,
3,260819,mixed,MIXED,CNN_RNND,4003,0.4638550207018852,0.3717716783285141,0.09208334423601627,
3,260819,mixed,MIXED,CNN_RNND,4004,0.47130224853754044,0.37779412418603897,0.09350811783224344,
3,260819,mixed,MIXED,CNN_RNND,4005,0.5415475964546204,0.43138761445879936,0.11015998758375645,
3,260819,mixed,MIXED,CNN_RNND,4006,0.41618556901812553,0.34112753346562386,0.07505802344530821,
3,260819,mixed,MIXED,CNN_RNND,4007,0.38061242550611496,0.30478525534272194,0.07582717295736074,
3,260819,mixed,MIXED,CNN_RNND,4008,0.36314375698566437,0.2996465116739273,0.06349725276231766,
3,260819,mixed,MIXED,CNN_RNND,4009,0.4525097422301769,0.3618985563516617,0.09061118494719267,
3,260819,mixed,MIXED,CNN_RNND,4010,0.2956104315817356,0.24314448796212673,0.052465945947915316,
3,260819,mixed,MIXED,CNN_RNND,4011,0.34044504165649414,0.2857642099261284,0.05468083452433348,
3,260819,mixed,MIXED,CNN_RNND,4012,0.6070730239152908,0.47510816901922226,0.13196485303342342,
3,260819,mixed,MIXED,CNN_RNND,4013,0.29770322889089584,0.24816572852432728,0.04953750723507255,
3,260819,mixed,MIXED,CNN_RNND,4014,0.47464432939887047,0.37713611871004105,0.09750822000205517,
3,260819,mixed,MIXED,CNN_RNND,4015,0.4709561765193939,0.3755479082465172,0.09540825802832842,
3,260819,mixed,MIXED,CNN_RNND,4016,0.4823668301105499,0.3860073983669281,0.09635942801833153,
3,260819,mixed,MIXED,CNN_RNND,4017,0.5722358226776123,0.45039771869778633,0.12183810630813241,
3,260819,mixed,MIXED,CNN_RNND,4018,0.40135853737592697,0.33149123936891556,0.06986729428172112,
3,260819,mixed,MIXED,CNN_RNND,4019,0.4169945791363716,0.3379533179104328,0.07904125284403563,
3,260819,mixed,MIXED,CNN_RNND,4020,0.38946058228611946,0.3168672174215317,0.07259336300194263,
3,260819,mixed,MIXED,CNN_RNND,4021,0.36614856123924255,0.29612279683351517,0.0700257602147758,
3,260819,mixed,MIXED,CNN_RNND,4022,0.3290392942726612,0.2664345055818558,0.06260479101911187,
3,260819,mixed,MIXED,CNN_RNND,4023,0.3684013858437538,0.30222293362021446,0.0661784540861845,
3,260819,mixed,MIXED,CNN_RNND,4024,0.6401932835578918,0.4971410110592842,0.14305227994918823,
3,260819,mixed,MIXED,CNN_RNND,4025,0.40310487523674965,0.3225666657090187,0.08053821977227926,
3,260819,mixed,MIXED,CNN_RNND,4026,0.3507474046200514,0.2884758245199919,0.06227158673573285,
3,260819,mixed,MIXED,CNN_RNND,4027,0.4546055272221565,0.36208174377679825,0.0925237750634551,
3,260819,mixed,MIXED,CNN_RNND,4028,0.3157189004123211,0.26178693398833275,0.053931965958327055,
3,260819,mixed,MIXED,CNN_RNND,4029,0.38869067654013634,0.3159818146377802,0.07270886097103357,
3,260819,mixed,MIXED,CNN_RNND,4030,0.3347157258540392,0.27166780084371567,0.06304792151786387,
3,260819,mixed,MIXED,CNN_RNND,4031,0.3025413826107979,0.2531174458563328,0.04942393023520708,
3,260819,mixed,MIXED,CNN_RNND,4032,0.5197424441576004,0.41687315702438354,0.10286929085850716,
3,260819,mixed,MIXED,CNN_RNND,4033,0.31742069497704506,0.25564925372600555,0.06177144427783787,
3,260819,mixed,MIXED,CNN_RNND,4034,0.5361817479133606,0.4214445501565933,0.11473719775676727,
3,260819,mixed,MIXED,CNN_RNND,4035,0.27565382421016693,0.23294424638152122,0.042709575267508626,
3,260819,mixed,MIXED,CNN_RNND,4036,0.2635734472423792,0.2222762405872345,0.0412972149788402,
3,260819,mixed,MIXED,CNN_RNND,4037,0.46004799008369446,0.3672410249710083,0.0928069781512022,
3,260819,mixed,MIXED,CNN_RNND,4038,0.33217592537403107,0.278154369443655,0.05402156338095665,
3,260819,mixed,MIXED,CNN_RNND,4039,0.5188650786876678,0.4143703505396843,0.10449473559856415,
3,260819,mixed,MIXED,CNN_RNND,4040,0.38174721971154213,0.307491734623909,0.07425548415631056,
3,260819,mixed,MIXED,CNN_RNND,4041,0.3968035504221916,0.3208887614309788,0.07591478817630559,
3,260819,mixed,MIXED,CNN_RNND,4042,0.24192193895578384,0.20728214271366596,0.03463979600928724,
3,260819,mixed,MIXED,CNN_RNND,4043,0.44924473762512207,0.35606174170970917,0.09318298660218716,
3,260819,mixed,MIXED,CNN_RNND,4044,0.38315881229937077,0.3113736230880022,0.07178517407737672,
3,260819,mixed,MIXED,CNN_RNND,4045,0.30670215375721455,0.25220136158168316,0.05450079427100718,
3,260819,mixed,MIXED,CNN_RNND,4046,0.3982260823249817,0.3287282697856426,0.0694978036917746,
3,260819,mixed,MIXED,CNN_RNND,4047,0.34663060680031776,0.28634511679410934,0.060285489074885845,
3,260819,mixed,MIXED,CNN_RNND,4048,0.43061427772045135,0.3521699011325836,0.07844438124448061,
3,260819,mixed,MIXED,CNN_RNND,4049,0.4690488986670971,0.380437508225441,0.08861139602959156,
3,260819,mixed,MIXED,CNN_RNND,4050,0.5673307478427887,0.4415060803294182,0.12582466751337051,
3,260819,mixed,MIXED,CNN_RNND,4051,0.3409258173778653,0.2755451975390315,0.06538061436731368,
3,260819,mixed,MIXED,CNN_RNND,4052,0.3906176369637251,0.31408386677503586,0.0765337627090048,
3,260819,mixed,MIXED,CNN_RNND,4053,0.4862886890769005,0.37959475815296173,0.1066939439624548,
3,260819,mixed,MIXED,CNN_RNND,4054,0.3453846052289009,0.28369166515767574,0.061692943796515465,
3,260819,mixed,MIXED,CNN_RNND,4055,0.49093834310770035,0.39446622878313065,0.09647211711853743,
3,260819,mixed,MIXED,CNN_RNND,4056,0.4092094451189041,0.3292233943939209,0.07998606143519282,
3,260819,mixed,MIXED,CNN_RNND,4057,0.29384829476475716,0.24039011262357235,0.05345818749628961,
3,260819,mixed,MIXED,CNN_RNND,4058,0.3605552911758423,0.2948853373527527,0.06566994823515415,
3,260819,mixed,MIXED,CNN_RNND,4059,0.47943316027522087,0.37756312265992165,0.1018700385466218,
3,260819,mixed,MIXED,CNN_RNND,4060,0.5134565159678459,0.407560758292675,0.1058957539498806,
3,260819,mixed,MIXED,CNN_RNND,4061,0.3498251140117645,0.28785502910614014,0.06197008024901152,
3,260819,mixed,MIXED,CNN_RNND,4062,0.3803473748266697,0.31412285193800926,0.0662245131097734,
3,260819,mixed,MIXED,CNN_RNND,4063,0.4052140712738037,0.3274521343410015,0.07776192505843937,
3,260819,mixed,MIXED,CNN_RNND,4064,0.3320902716368437,0.2674931697547436,0.06459709734190255,
3,260819,mixed,MIXED,CNN_RNND,4065,0.4378877133131027,0.3512680232524872,0.08661968912929296,
3,260819,mixed,MIXED,CNN_RNND,4066,0.3879564628005028,0.31524136662483215,0.07271509617567062,
3,260819,mixed,MIXED,CNN_RNND,4067,0.319638654589653,0.2584374565631151,0.06120120268315077,
3,260819,mixed,MIXED,CNN_RNND,4068,0.4070766642689705,0.32587720453739166,0.08119946625083685,
3,260819,mixed,MIXED,CNN_RNND,4069,0.4063166156411171,0.3286721520125866,0.07764446921646595,
3,260819,mixed,MIXED,CNN_RNND,4070,0.342818234115839,0.2846399396657944,0.058178290724754333,
3,260819,mixed,MIXED,CNN_RNND,4071,0.5067262724041939,0.4027851074934006,0.1039411798119545,
3,260819,mixed,MIXED,CNN_RNND,4072,0.35944249853491783,0.2926812991499901,0.06676120404154062,
3,260819,mixed,MIXED,CNN_RNND,4073,0.4476063624024391,0.3621482253074646,0.08545814268290997,
3,260819,mixed,MIXED,CNN_RNND,4074,0.37829093262553215,0.3040739130228758,0.07421701215207577,
3,260819,mixed,MIXED,CNN_RNND,4075,0.4314746633172035,0.35377755761146545,0.07769711362197995,
3,260819,mixed,MIXED,CNN_RNND,4076,0.3857347443699837,0.3140779621899128,0.07165676914155483,
3,260819,mixed,MIXED,CNN_RNND,4077,0.3423364441841841,0.27957829646766186,0.06275814701803029,
3,260819,mixed,MIXED,CNN_RNND,4078,0.31168675795197487,0.26372960209846497,0.04795715073123574,
3,260819,mixed,MIXED,CNN_RNND,4079,0.19128586538136005,0.1602878887206316,0.030997975263744593,
3,260819,mixed,MIXED,CNN_RNND,4080,0.4614235609769821,0.37079763039946556,0.09062593290582299,
3,260819,mixed,MIXED,CNN_RNND,4081,0.5225389152765274,0.41729047894477844,0.10524843633174896,
3,260819,mixed,MIXED,CNN_RNND,4082,0.41224220395088196,0.3334938958287239,0.0787482988089323,
3,260819,mixed,MIXED,CNN_RNND,4083,0.5306368172168732,0.4189552515745163,0.11168157868087292,
3,260819,mixed,MIXED,CNN_RNND,4084,0.28046921268105507,0.2372928112745285,0.04317640047520399,
3,260819,mixed,MIXED,CNN_RNND,4085,0.4786432608962059,0.3860849663615227,0.09255829732865095,
3,260819,mixed,MIXED,CNN_RNND,4086,0.2730993293225765,0.23083990439772606,0.042259423062205315,
3,260819,mixed,MIXED,CNN_RNND,4087,0.6372778490185738,0.4999282881617546,0.13734956085681915,
3,260819,mixed,MIXED,CNN_RNND,4088,0.2481691651046276,0.21108812279999256,0.037081044749356806,
3,260819,mixed,MIXED,CNN_RNND,4089,0.4234328009188175,0.3382749445736408,0.08515786286443472,
3,260819,mixed,MIXED,CNN_RNND,4090,0.38865675777196884,0.3141210004687309,0.07453574915416539,
3,260819,mixed,MIXED,CNN_RNND,4091,0.2568921856582165,0.2186251226812601,0.03826706297695637,
3,260819,mixed,MIXED,CNN_RNND,4092,0.5045618563890457,0.3959220480173826,0.10863982129376382,
3,260819,mixed,MIXED,CNN_RNND,4093,0.49973294138908386,0.3978945389389992,0.10183840617537498,
3,260819,mixed,MIXED,CNN_RNND,4094,0.3550135865807533,0.3008902296423912,0.05412335926666856,
3,260819,mixed,MIXED,CNN_RNND,4095,0.23458992689847946,0.19580556452274323,0.0387843651114963,
3,260819,mixed,MIXED,CNN_RNND,4096,0.44941140338778496,0.3591320589184761,0.09027934866026044,
3,260819,mixed,MIXED,CNN_RNND,4097,0.37416080944240093,0.30571603402495384,0.06844476651167497,
3,260819,mixed,MIXED,CNN_RNND,4098,0.5172020494937897,0.41566675901412964,0.10153528489172459,
3,260819,mixed,MIXED,CNN_RNND,4099,0.3397130221128464,0.28487225249409676,0.054840778931975365,
3,260819,mixed,MIXED,CNN_RNND,4100,0.326758598908782,0.27009260654449463,0.05666599457617849,
3,260819,mixed,MIXED,CNN_RNND,4101,0.47956348955631256,0.38111773133277893,0.09844575496390462,
3,260819,mixed,MIXED,CNN_RNND,4102,0.43318989872932434,0.34753716364502907,0.0856527389260009,
3,260819,mixed,MIXED,CNN_RNND,4103,0.6452540680766106,0.5015381947159767,0.143715875223279,
3,260819,mixed,MIXED,CNN_RNND,4104,0.44998425245285034,0.36548810452222824,0.08449614513665438,
3,260819,mixed,MIXED,CNN_RNND,4105,0.4139224924147129,0.3404095992445946,0.07351289549842477,
3,260819,mixed,MIXED,CNN_RNND,4106,0.3905212916433811,0.31741923838853836,0.07310205779504031,
3,260819,mixed,MIXED,CNN_RNND,4107,0.29036710783839226,0.24865762144327164,0.04170949012041092,
3,260819,mixed,MIXED,CNN_RNND,4108,0.5089589506387711,0.4043324664235115,0.10462646372616291,
3,260819,mixed,MIXED,CNN_RNND,4109,0.40268151834607124,0.32460133731365204,0.07808018568903208,
3,260819,mixed,MIXED,CNN_RNND,4110,0.42382320016622543,0.3392752632498741,0.08454793971031904,
3,260819,mixed,MIXED,CNN_RNND,4111,0.41794928163290024,0.3416696637868881,0.07627961272373796,
3,260819,mixed,MIXED,CNN_RNND,4112,0.4002908617258072,0.32140202075242996,0.07888885261490941,
3,260819,mixed,MIXED,CNN_RNND,4113,0.5299209654331207,0.4232633486390114,0.10665762051939964,
3,260819,mixed,MIXED,CNN_RNND,4114,0.3994937762618065,0.3138037770986557,0.08569000312127173,
3,260819,mixed,MIXED,CNN_RNND,4115,0.366325456649065,0.29959698766469955,0.06672846339643002,
3,260819,mixed,MIXED,CNN_RNND,4116,0.5409910604357719,0.4281061142683029,0.11288494803011417,
3,260819,mixed,MIXED,CNN_RNND,4117,0.4304482042789459,0.3452973961830139,0.08515080530196428,
3,260819,mixed,MIXED,CNN_RNND,4118,0.4844733849167824,0.39120975136756897,0.09326362330466509,
3,260819,mixed,MIXED,CNN_RNND,4119,0.2109472807496786,0.17973541654646397,0.03121186327189207,
3,260819,mixed,MIXED,CNN_RNND,4120,0.4959728308022022,0.3969193175435066,0.09905350860208273,
3,260819,mixed,MIXED,CNN_RNND,4121,0.24002153798937798,0.20665456354618073,0.03336697397753596,
3,260819,mixed,MIXED,CNN_RNND,4122,0.4285413473844528,0.34988029301166534,0.07866105437278748,
3,260819,mixed,MIXED,CNN_RNND,4123,0.4867949914187193,0.38966693729162216,0.09712806309107691,
3,260819,mixed,MIXED,CNN_RNND,4124,0.3782027065753937,0.3155236542224884,0.06267905095592141,
3,260819,mixed,MIXED,CNN_RNND,4125,0.44665026664733887,0.3665096089243889,0.08014065586030483,
3,260819,mixed,MIXED,CNN_RNND,4126,0.3867517448961735,0.3186165280640125,0.0681352186948061,
3,260819,mixed,MIXED,CNN_RNND,4127,0.5849514603614807,0.4601763188838959,0.12477512285113335,
3,260819,mixed,MIXED,CNN_RNND,4128,0.4940968379378319,0.38823822140693665,0.10585861094295979,
3,260819,mixed,MIXED,CNN_RNND,4129,0.42559780552983284,0.3467918150126934,0.07880598679184914,
3,260819,mixed,MIXED,CNN_RNND,4130,0.49771639332175255,0.3957076668739319,0.10200873389840126,
3,260819,mixed,MIXED,CNN_RNND,4131,0.26121097058057785,0.2273183986544609,0.033892568200826645,
3,260819,mixed,MIXED,CNN_RNND,4132,0.3159323111176491,0.2625245451927185,0.05340777104720473,
3,260819,mixed,MIXED,CNN_RNND,4133,0.31738368049263954,0.26283988542854786,0.05454380274750292,
3,260819,mixed,MIXED,CNN_RNND,4134,0.46729736402630806,0.36943866312503815,0.09785870090126991,
3,260819,mixed,MIXED,CNN_RNND,4135,0.31863988377153873,0.26150658912956715,0.05713328835554421,
3,260819,mixed,MIXED,CNN_RNND,4136,0.3421144373714924,0.27073453925549984,0.07137989334296435,
3,260819,mixed,MIXED,CNN_RNND,4137,0.2889635693281889,0.2387799136340618,0.050183657789602876,
3,260819,mixed,MIXED,CNN_RNND,4138,0.2990986295044422,0.2457180954515934,0.053380534052848816,
3,260819,mixed,MIXED,CNN_RNND,4139,0.4737570509314537,0.38827015459537506,0.08548690006136894,
3,260819,mixed,MIXED,CNN_RNND,4140,0.5303821116685867,0.41781333833932877,0.11256878264248371,
3,260819,mixed,MIXED,CNN_RNND,4141,0.3448015172034502,0.27962343767285347,0.06517807877389714,
3,260819,mixed,MIXED,CNN_RNND,4142,0.3824002742767334,0.31530722230672836,0.06709305103868246,
3,260819,mixed,MIXED,CNN_RNND,4143,0.42010481655597687,0.3409726694226265,0.07913214899599552,
3,260819,mixed,MIXED,CNN_RNND,4144,0.5011715367436409,0.40654749423265457,0.09462404064834118,
3,260819,mixed,MIXED,CNN_RNND,4145,0.3884572573006153,0.3176192045211792,0.07083804346621037,
3,260819,mixed,MIXED,CNN_RNND,4146,0.23062070831656456,0.19743641279637814,0.03318429458886385,
3,260819,mixed,MIXED,CNN_RNND,4147,0.5354437381029129,0.42719002813100815,0.1082537081092596,
3,260819,mixed,MIXED,CNN_RNND,4148,0.4369299039244652,0.3492373526096344,0.08769254013895988,
3,260819,mixed,MIXED,CNN_RNND,4149,0.25920920819044113,0.21800263226032257,0.041206580586731434,
3,260819,mixed,MIXED,CNN_RNND,4150,0.23831847868859768,0.20237888395786285,0.03593959391582757,
3,260819,mixed,MIXED,CNN_RNND,4151,0.410773690789938,0.33209271915256977,0.07868098060134798,
3,260819,mixed,MIXED,CNN_RNND,4152,0.44030100479722023,0.35352959111332893,0.08677140763029456,
3,260819,mixed,MIXED,CNN_RNND,4153,0.46589431911706924,0.3702622503042221,0.09563206881284714,
3,260819,mixed,MIXED,CNN_RNND,4154,0.3210643548518419,0.2624562717974186,0.0586080823559314,
3,260819,mixed,MIXED,CNN_RNND,4155,0.4181198962032795,0.34396447241306305,0.0741554144769907,
3,260819,mixed,MIXED,CNN_RNND,4156,0.45518967509269714,0.3674249015748501,0.08776477794162929,
3,260819,mixed,MIXED,CNN_RNND,4157,0.45995468087494373,0.3653433881700039,0.09461129759438336,
3,260819,mixed,MIXED,CNN_RNND,4158,0.38320400938391685,0.31383370980620384,0.06937030563130975,
3,260819,mixed,MIXED,CNN_RNND,4159,0.25785039365291595,0.2149188257753849,0.042931563686579466,
3,260819,mixed,MIXED,CNN_RNND,4160,0.48174847662448883,0.38423430919647217,0.09751418232917786,
3,260819,mixed,MIXED,CNN_RNND,4161,0.5498337894678116,0.4355746954679489,0.11425909399986267,
3,260819,mixed,MIXED,CNN_RNND,4162,0.37843190878629684,0.3099331632256508,0.0684987511485815,
3,260819,mixed,MIXED,CNN_RNND,4163,0.2776275463402271,0.2304052896797657,0.047222260385751724,
3,260819,mixed,MIXED,CNN_RNND,4164,0.1875996720045805,0.16516055539250374,0.022439116146415472,
3,260819,mixed,MIXED,CNN_RNND,4165,0.6296321451663971,0.5072581917047501,0.12237394601106644,
3,260819,mixed,MIXED,CNN_RNND,4166,0.49840001575648785,0.3954058289527893,0.10299418098293245,
3,260819,mixed,MIXED,CNN_RNND,4167,0.350602425634861,0.2827553953975439,0.06784702837467194,
3,260819,mixed,MIXED,CNN_RNND,4168,0.36851976811885834,0.3023194521665573,0.06620032340288162,
3,260819,mixed,MIXED,CNN_RNND,4169,0.504549153149128,0.4018360674381256,0.10271307453513145,
3,260819,mixed,MIXED,CNN_RNND,4170,0.3445994295179844,0.27818209677934647,0.06641733646392822,
3,260819,mixed,MIXED,CNN_RNND,4171,0.5303559675812721,0.4193301424384117,0.11102582514286041,
3,260819,mixed,MIXED,CNN_RNND,4172,0.4272819012403488,0.3506193980574608,0.07666250271722674,
3,260819,mixed,MIXED,CNN_RNND,4173,0.22895686887204647,0.19663965702056885,0.0323172090575099,
3,260819,mixed,MIXED,CNN_RNND,4174,0.48676272481679916,0.39216483384370804,0.09459788724780083,
3,260819,mixed,MIXED,CNN_RNND,4175,0.4442090503871441,0.355399202555418,0.08880985202267766,
3,260819,mixed,MIXED,CNN_RNND,4176,0.2954738326370716,0.25013257935643196,0.045341252349317074,
3,260819,mixed,MIXED,CNN_RNND,4177,0.5560991540551186,0.44397690892219543,0.11212225072085857,
3,260819,mixed,MIXED,CNN_RNND,4178,0.4485517181456089,0.35681184008717537,0.0917398864403367,
3,260819,mixed,MIXED,CNN_RNND,4179,0.5841789394617081,0.4590155780315399,0.12516335770487785,
3,260819,mixed,MIXED,CNN_RNND,4180,0.3863942548632622,0.3206927105784416,0.06570153776556253,
3,260819,mixed,MIXED,CNN_RNND,4181,0.31979501619935036,0.26737944409251213,0.052415568847209215,
3,260819,mixed,MIXED,CNN_RNND,4182,0.5192638337612152,0.4106577858328819,0.10860605258494616,
3,260819,mixed,MIXED,CNN_RNND,4183,0.38644807040691376,0.30875056236982346,0.07769751083105803,
3,260819,mixed,MIXED,CNN_RNND,4184,0.3914700113236904,0.3155136816203594,0.07595631806179881,
3,260819,mixed,MIXED,CNN_RNND,4185,0.45168215222656727,0.359457952901721,0.09222418864374049,
3,260819,mixed,MIXED,CNN_RNND,4186,0.3932754881680012,0.3216405659914017,0.07163491379469633,
3,260819,mixed,MIXED,CNN_RNND,4187,0.5225800126791,0.4176703840494156,0.10490963188931346,
3,260819,mixed,MIXED,CNN_RNND,4188,0.516513854265213,0.4062642231583595,0.11024963110685349,
3,260819,mixed,MIXED,CNN_RNND,4189,0.3356020040810108,0.28021041490137577,0.05539159360341728,
3,260819,mixed,MIXED,CNN_RNND,4190,0.4368852376937866,0.3539826571941376,0.08290258748456836,
3,260819,mixed,MIXED,CNN_RNND,4191,0.3008389063179493,0.26047520339488983,0.0403637015260756,
3,260819,mixed,MIXED,CNN_RNND,4192,0.3668321818113327,0.3007661923766136,0.06606599554652348,
3,260819,mixed,MIXED,CNN_RNND,4193,0.5604454539716244,0.44285106658935547,0.11759437201544642,
3,260819,mixed,MIXED,CNN_RNND,4194,0.5892750956118107,0.4688269793987274,0.12044809991493821,
3,260819,mixed,MIXED,CNN_RNND,4195,0.5419421792030334,0.42984218150377274,0.11210000049322844,
3,260819,mixed,MIXED,CNN_RNND,4196,0.40375109761953354,0.3273030258715153,0.07644807221367955,
3,260819,mixed,MIXED,CNN_RNND,4197,0.3396124392747879,0.2796497084200382,0.05996273271739483,
3,260819,mixed,MIXED,CNN_RNND,4198,0.49285151064395905,0.39229805395007133,0.10055344738066196,
3,260819,mixed,MIXED,CNN_RNND,4199,0.49826350808143616,0.39831339567899704,0.09995011799037457,
3,260819,mixed,MIXED,CNN_RNND,4200,0.5889338701963425,0.4595178961753845,0.12941597402095795,-1.0469100634760224
3,260819,mixed,MIXED,CNN_RNND,4201,0.4036610946059227,0.33300505951046944,0.07065604208037257,
3,260819,mixed,MIXED,CNN_RNND,4202,0.4020632617175579,0.32518935203552246,0.07687391294166446,
3,260819,mixed,MIXED,CNN_RNND,4203,0.2997378669679165,0.2497561052441597,0.04998175473883748,
3,260819,mixed,MIXED,CNN_RNND,4204,0.24074215069413185,0.2069001980125904,0.03384195268154144,
3,260819,mixed,MIXED,CNN_RNND,4205,0.27515390142798424,0.23084424436092377,0.04430965706706047,
3,260819,mixed,MIXED,CNN_RNND,4206,0.2822551019489765,0.2399226278066635,0.04233247600495815,
3,260819,mixed,MIXED,CNN_RNND,4207,0.4392094910144806,0.3550720810890198,0.08413741085678339,
3,260819,mixed,MIXED,CNN_RNND,4208,0.34398797154426575,0.2800745852291584,0.06391338258981705,
3,260819,mixed,MIXED,CNN_RNND,4209,0.3596433587372303,0.29760435968637466,0.06203899625688791,
3,260819,mixed,MIXED,CNN_RNND,4210,0.3357238098978996,0.28353772684931755,0.05218608630821109,
3,260819,mixed,MIXED,CNN_RNND,4211,0.3345719426870346,0.2736407220363617,0.060931216925382614,
3,260819,mixed,MIXED,CNN_RNND,4212,0.47013140469789505,0.3735094629228115,0.09662194177508354,
3,260819,mixed,MIXED,CNN_RNND,4213,0.298806507140398,0.2501826621592045,0.0486238501034677,
3,260819,mixed,MIXED,CNN_RNND,4214,0.471720851957798,0.37935736775398254,0.09236348140984774,
3,260819,mixed,MIXED,CNN_RNND,4215,0.31629449501633644,0.2660447582602501,0.050249739084392786,
3,260819,mixed,MIXED,CNN_RNND,4216,0.2324187494814396,0.1957397684454918,0.036678983829915524,
3,260819,mixed,MIXED,CNN_RNND,4217,0.48881852626800537,0.3840905576944351,0.1047279629856348,
3,260819,mixed,MIXED,CNN_RNND,4218,0.23137278854846954,0.1937411054968834,0.03763168165460229,
3,260819,mixed,MIXED,CNN_RNND,4219,0.25211799144744873,0.21272249892354012,0.03939549159258604,
3,260819,mixed,MIXED,CNN_RNND,4220,0.3035401366651058,0.2563701383769512,0.04716999817173928,
3,260819,mixed,MIXED,CNN_RNND,4221,0.49517008662223816,0.3947080969810486,0.10046199709177017,
3,260819,mixed,MIXED,CNN_RNND,4222,0.4966586008667946,0.39306478947401047,0.10359380953013897,
3,260819,mixed,MIXED,CNN_RNND,4223,0.49364251643419266,0.39279837906360626,0.10084414854645729,
3,260819,mixed,MIXED,CNN_RNND,4224,0.40250059589743614,0.32721902802586555,0.07528155576437712,
3,260819,mixed,MIXED,CNN_RNND,4225,0.285192534327507,0.23451748490333557,0.05067504552425817,
3,260819,mixed,MIXED,CNN_RNND,4226,0.47831837832927704,0.3811115622520447,0.09720680955797434,
3,260819,mixed,MIXED,CNN_RNND,4227,0.25613549165427685,0.21402527019381523,0.042110222624614835,
3,260819,mixed,MIXED,CNN_RNND,4228,0.3726695328950882,0.3054038807749748,0.06726566143333912,
3,260819,mixed,MIXED,CNN_RNND,4229,0.6017924398183823,0.47944268211722374,0.1223497549071908,
3,260819,mixed,MIXED,CNN_RNND,4230,0.4885386824607849,0.3918309286236763,0.09670774638652802,
3,260819,mixed,MIXED,CNN_RNND,4231,0.4472460001707077,0.36450204253196716,0.08274396043270826,
3,260819,mixed,MIXED,CNN_RNND,4232,0.24754885584115982,0.21434835717082024,0.033200494945049286,
3,260819,mixed,MIXED,CNN_RNND,4233,0.34239573776721954,0.27954383939504623,0.0628519025631249,
3,260819,mixed,MIXED,CNN_RNND,4234,0.3264898471534252,0.2636943869292736,0.0627954644151032,
3,260819,mixed,MIXED,CNN_RNND,4235,0.44752032309770584,0.3608751930296421,0.08664514124393463,
3,260819,mixed,MIXED,CNN_RNND,4236,0.4343106783926487,0.34150933660566807,0.09280133922584355,
3,260819,mixed,MIXED,CNN_RNND,4237,0.36592596024274826,0.30121447145938873,0.06471148924902081,
3,260819,mixed,MIXED,CNN_RNND,4238,0.5145658701658249,0.40689825266599655,0.10766762541607022,
3,260819,mixed,MIXED,CNN_RNND,4239,0.2388881891965866,0.20704882591962814,0.031839357456192374,
3,260819,mixed,MIXED,CNN_RNND,4240,0.29645107686519623,0.25051455944776535,0.04593652207404375,
3,260819,mixed,MIXED,CNN_RNND,4241,0.40888643078505993,0.3347559440881014,0.07413048890884966,
3,260819,mixed,MIXED,CNN_RNND,4242,0.49193719029426575,0.3923104852437973,0.09962670877575874,
3,260819,mixed,MIXED,CNN_RNND,4243,0.3805390074849129,0.31072214990854263,0.0698168482631445,
3,260819,mixed,MIXED,CNN_RNND,4244,0.4061058238148689,0.32538388296961784,0.08072193711996078,
3,260819,mixed,MIXED,CNN_RNND,4245,0.2944054678082466,0.24389458261430264,0.050510890781879425,
3,260819,mixed,MIXED,CNN_RNND,4246,0.46376417204737663,0.37599369138479233,0.087770476937294,
3,260819,mixed,MIXED,CNN_RNND,4247,0.32616289146244526,0.27183216623961926,0.05433072487358004,
3,260819,mixed,MIXED,CNN_RNND,4248,0.4342310503125191,0.3489935025572777,0.08523756265640259,
3,260819,mixed,MIXED,CNN_RNND,4249,0.30402630008757114,0.24903641641139984,0.05498988996259868,
3,260819,mixed,MIXED,CNN_RNND,4250,0.2727067694067955,0.23150301352143288,0.04120375670026988,
3,260819,mixed,MIXED,CNN_RNND,4251,0.5159630179405212,0.40416668727993965,0.11179633717983961,
3,260819,mixed,MIXED,CNN_RNND,4252,0.2585866376757622,0.22225859016180038,0.03632804495282471,
3,260819,mixed,MIXED,CNN_RNND,4253,0.3243398033082485,0.26610439270734787,0.058235407806932926,
3,260819,mixed,MIXED,CNN_RNND,4254,0.3900294825434685,0.31825555860996246,0.07177392859011889,
3,260819,mixed,MIXED,CNN_RNND,4255,0.4615321457386017,0.37676970660686493,0.08476243913173676,
3,260819,mixed,MIXED,CNN_RNND,4256,0.5890441238880157,0.45861879736185074,0.13042531069368124,
3,260819,mixed,MIXED,CNN_RNND,4257,0.36972182616591454,0.3043047171086073,0.06541710905730724,
3,260819,mixed,MIXED,CNN_RNND,4258,0.346683282405138,0.2934079058468342,0.05327538168057799,
3,260819,mixed,MIXED,CNN_RNND,4259,0.29101685993373394,0.2458580732345581,0.0451587880961597,
3,260819,mixed,MIXED,CNN_RNND,4260,0.38575736433267593,0.3179635554552078,0.06779380887746811,
3,260819,mixed,MIXED,CNN_RNND,4261,0.3865736536681652,0.32094797119498253,0.06562566990032792,
3,260819,mixed,MIXED,CNN_RNND,4262,0.5272346660494804,0.4146858975291252,0.11254876106977463,
3,260819,mixed,MIXED,CNN_RNND,4263,0.25814679078757763,0.21658851206302643,0.04155827697832137,
3,260819,mixed,MIXED,CNN_RNND,4264,0.29543210566043854,0.24098743125796318,0.054444676265120506,
3,260819,mixed,MIXED,CNN_RNND,4265,0.35859663039445877,0.2922494485974312,0.06634717434644699,
3,260819,mixed,MIXED,CNN_RNND,4266,0.48391856998205185,0.38453488051891327,0.09938369132578373,
3,260819,mixed,MIXED,CNN_RNND,4267,0.6386315226554871,0.5058388113975525,0.13279270008206367,
3,260819,mixed,MIXED,CNN_RNND,4268,0.3393519762903452,0.2732292730361223,0.06612269370816648,
3,260819,mixed,MIXED,CNN_RNND,4269,0.43226082623004913,0.35438167303800583,0.07787915039807558,
3,260819,mixed,MIXED,CNN_RNND,4270,0.43566209077835083,0.3486376740038395,0.08702442701905966,
3,260819,mixed,MIXED,CNN_RNND,4271,0.5474808067083359,0.42661716043949127,0.1208636425435543,
3,260819,mixed,MIXED,CNN_RNND,4272,0.4067791514098644,0.32600756734609604,0.08077157754451036,
3,260819,mixed,MIXED,CNN_RNND,4273,0.2771245762705803,0.22972265258431435,0.047401921125128865,
3,260819,mixed,MIXED,CNN_RNND,4274,0.46118418127298355,0.3665795996785164,0.09460457926616073,
3,260819,mixed,MIXED,CNN_RNND,4275,0.3805556893348694,0.31162223778665066,0.06893345364369452,
3,260819,mixed,MIXED,CNN_RNND,4276,0.324934396892786,0.27425309270620346,0.05068129999563098,
3,260819,mixed,MIXED,CNN_RNND,4277,0.5832150429487228,0.4629892408847809,0.12022580578923225,
3,260819,mixed,MIXED,CNN_RNND,4278,0.539426289498806,0.43115299195051193,0.1082732961513102,
3,260819,mixed,MIXED,CNN_RNND,4279,0.4932141974568367,0.39282942563295364,0.10038476111367345,
3,260819,mixed,MIXED,CNN_RNND,4280,0.4345969781279564,0.35243059694767,0.08216637745499611,
3,260819,mixed,MIXED,CNN_RNND,4281,0.3891013339161873,0.32249535620212555,0.06660598609596491,
3,260819,mixed,MIXED,CNN_RNND,4282,0.32970984652638435,0.2712671123445034,0.05844274000264704,
3,260819,mixed,MIXED,CNN_RNND,4283,0.6411240696907043,0.49820737540721893,0.14291668683290482,
3,260819,mixed,MIXED,CNN_RNND,4284,0.22043513134121895,0.1922800876200199,0.028155042557045817,
3,260819,mixed,MIXED,CNN_RNND,4285,0.3907935544848442,0.31773338466882706,0.07306016609072685,
3,260819,mixed,MIXED,CNN_RNND,4286,0.5695935040712357,0.44578753411769867,0.12380595877766609,
3,260819,mixed,MIXED,CNN_RNND,4287,0.4142293408513069,0.3293125070631504,0.08491683658212423,
3,260819,mixed,MIXED,CNN_RNND,4288,0.40653128549456596,0.3388320617377758,0.06769923493266106,
3,260819,mixed,MIXED,CNN_RNND,4289,0.5121861025691032,0.40546970814466476,0.10671640001237392,
3,260819,mixed,MIXED,CNN_RNND,4290,0.5580691881477833,0.4417782612144947,0.11629092553630471,
3,260819,mixed,MIXED,CNN_RNND,4291,0.5144439414143562,0.407647043466568,0.10679689422249794,
3,260819,mixed,MIXED,CNN_RNND,4292,0.457017183303833,0.361401692032814,0.09561549313366413,
3,260819,mixed,MIXED,CNN_RNND,4293,0.38571012020111084,0.31930018588900566,0.0664099371060729,
3,260819,mixed,MIXED,CNN_RNND,4294,0.42216625809669495,0.3369133621454239,0.08525289874523878,
3,260819,mixed,MIXED,CNN_RNND,4295,0.4114586114883423,0.33836402744054794,0.07309458218514919,
3,260819,mixed,MIXED,CNN_RNND,4296,0.5150556787848473,0.4104752764105797,0.1045803977176547,
3,260819,mixed,MIXED,CNN_RNND,4297,0.3161349408328533,0.2612811401486397,0.05485380440950394,
3,260819,mixed,MIXED,CNN_RNND,4298,0.24157731607556343,0.20629892870783806,0.03527838224545121,
3,260819,mixed,MIXED,CNN_RNND,4299,0.437222920358181,0.3574626222252846,0.07976029999554157,
3,260819,mixed,MIXED,CNN_RNND,4300,0.4516641106456518,0.3592388555407524,0.0924252582481131,
3,260819,mixed,MIXED,CNN_RNND,4301,0.45017097145318985,0.36133482679724693,0.08883614465594292,
3,260819,mixed,MIXED,CNN_RNND,4302,0.34295177832245827,0.28035669028759,0.06259509036317468,
3,260819,mixed,MIXED,CNN_RNND,4303,0.4934144765138626,0.3883119896054268,0.10510247759521008,
3,260819,mixed,MIXED,CNN_RNND,4304,0.3967106267809868,0.32328320667147636,0.0734274247661233,
3,260819,mixed,MIXED,CNN_RNND,4305,0.466938816010952,0.3718349561095238,0.0951038571074605,
3,260819,mixed,MIXED,CNN_RNND,4306,0.31613973528146744,0.2627055048942566,0.05343422945588827,
3,260819,mixed,MIXED,CNN_RNND,4307,0.4160006046295166,0.33747754991054535,0.07852304494008422,
3,260819,mixed,MIXED,CNN_RNND,4308,0.39239179342985153,0.31926821172237396,0.0731235845014453,
3,260819,mixed,MIXED,CNN_RNND,4309,0.3042544275522232,0.2590967267751694,0.04515769938006997,
3,260819,mixed,MIXED,CNN_RNND,4310,0.4338449575006962,0.3444796986877918,0.08936525462195277,
3,260819,mixed,MIXED,CNN_RNND,4311,0.42456934601068497,0.34635137766599655,0.07821796648204327,
3,260819,mixed,MIXED,CNN_RNND,4312,0.3820308893918991,0.3183947205543518,0.06363616371527314,
3,260819,mixed,MIXED,CNN_RNND,4313,0.3968771770596504,0.3223003074526787,0.07457687333226204,
3,260819,mixed,MIXED,CNN_RNND,4314,0.2656443230807781,0.22160232812166214,0.04404199589043856,
3,260819,mixed,MIXED,CNN_RNND,4315,0.3429584801197052,0.27773480862379074,0.06522366963326931,
3,260819,mixed,MIXED,CNN_RNND,4316,0.572130024433136,0.4537384584546089,0.11839154921472073,
3,260819,mixed,MIXED,CNN_RNND,4317,0.37428658455610275,0.3071492537856102,0.06713732285425067,
3,260819,mixed,MIXED,CNN_RNND,4318,0.43778877705335617,0.3504081331193447,0.08738064859062433,
3,260819,mixed,MIXED,CNN_RNND,4319,0.24062759429216385,0.20475384406745434,0.03587374836206436,
3,260819,mixed,MIXED,CNN_RNND,4320,0.3458902835845947,0.27937004901468754,0.06652023157221265,
3,260819,mixed,MIXED,CNN_RNND,4321,0.4487977772951126,0.35726043581962585,0.09153733588755131,
3,260819,mixed,MIXED,CNN_RNND,4322,0.4159923754632473,0.3325341157615185,0.0834582643583417,
3,260819,mixed,MIXED,CNN_RNND,4323,0.3262619487941265,0.26923215948045254,0.05702979350462556,
3,260819,mixed,MIXED,CNN_RNND,4324,0.25985960848629475,0.2150471769273281,0.04481242084875703,
3,260819,mixed,MIXED,CNN_RNND,4325,0.25810530595481396,0.21784920990467072,0.04025609727250412,
3,260819,mixed,MIXED,CNN_RNND,4326,0.325953833758831,0.2769007086753845,0.04905312322080135,
3,260819,mixed,MIXED,CNN_RNND,4327,0.45592473447322845,0.369132062420249,0.08679266925901175,
3,260819,mixed,MIXED,CNN_RNND,4328,0.32865597680211067,0.26930437982082367,0.05935160396620631,
3,260819,mixed,MIXED,CNN_RNND,4329,0.3650241270661354,0.3031069152057171,0.061917203944176435,
3,260819,mixed,MIXED,CNN_RNND,4330,0.5414888262748718,0.43495507538318634,0.10653376206755638,
3,260819,mixed,MIXED,CNN_RNND,4331,0.165623527020216,0.14978794660419226,0.01583558297716081,
3,260819,mixed,MIXED,CNN_RNND,4332,0.5675321146845818,0.445347860455513,0.12218424119055271,
3,260819,mixed,MIXED,CNN_RNND,4333,0.4611824341118336,0.36397381871938705,0.0972086158581078,
3,260819,mixed,MIXED,CNN_RNND,4334,0.32043182477355003,0.2648160271346569,0.055615791818127036,
3,260819,mixed,MIXED,CNN_RNND,4335,0.31580451875925064,0.2574566397815943,0.0583478711778298,
3,260819,mixed,MIXED,CNN_RNND,4336,0.47165363281965256,0.3804430030286312,0.09121064003556967,
3,260819,mixed,MIXED,CNN_RNND,4337,0.38639483973383904,0.31233034282922745,0.07406449783593416,
3,260819,mixed,MIXED,CNN_RNND,4338,0.22859147191047668,0.19683619774878025,0.03175526950508356,
3,260819,mixed,MIXED,CNN_RNND,4339,0.2972381245344877,0.2531369272619486,0.044101197621785104,
3,260819,mixed,MIXED,CNN_RNND,4340,0.45888980478048325,0.36706313490867615,0.09182667266577482,
3,260819,mixed,MIXED,CNN_RNND,4341,0.4959995895624161,0.3937671445310116,0.10223245061933994,
3,260819,mixed,MIXED,CNN_RNND,4342,0.39904725551605225,0.33070796728134155,0.06833928637206554,
3,260819,mixed,MIXED,CNN_RNND,4343,0.39833249151706696,0.3267231211066246,0.0716093685477972,
3,260819,mixed,MIXED,CNN_RNND,4344,0.4389526955783367,0.34934696927666664,0.08960572723299265,
3,260819,mixed,MIXED,CNN_RNND,4345,0.41962074488401413,0.3378371372818947,0.0817835945636034,
3,260819,mixed,MIXED,CNN_RNND,4346,0.1743579115718603,0.15306425467133522,0.021293660101946443,
3,260819,mixed,MIXED,CNN_RNND,4347,0.5068904384970665,0.39866194128990173,0.10822849720716476,
3,260819,mixed,MIXED,CNN_RNND,4348,0.6010017991065979,0.4715627431869507,0.1294390670955181,
3,260819,mixed,MIXED,CNN_RNND,4349,0.4744858741760254,0.367847565561533,0.10663832258433104,
3,260819,mixed,MIXED,CNN_RNND,4350,0.42989979684352875,0.34703822061419487,0.08286157995462418,
3,260819,mixed,MIXED,CNN_RNND,4351,0.24931912869215012,0.2144550047814846,0.034864126704633236,
3,260819,mixed,MIXED,CNN_RNND,4352,0.37721472419798374,0.31047077290713787,0.06674394500441849,
3,260819,mixed,MIXED,CNN_RNND,4353,0.3172294795513153,0.2625565640628338,0.05467291548848152,
3,260819,mixed,MIXED,CNN_RNND,4354,0.473476879298687,0.37714454531669617,0.09633233118802309,
3,260819,mixed,MIXED,CNN_RNND,4355,0.5619212165474892,0.44498617947101593,0.11693504080176353,
3,260819,mixed,MIXED,CNN_RNND,4356,0.5406966209411621,0.429178349673748,0.11151825077831745,
3,260819,mixed,MIXED,CNN_RNND,4357,0.5186385810375214,0.41765016317367554,0.1009884187951684,
3,260819,mixed,MIXED,CNN_RNND,4358,0.2611723132431507,0.220514178276062,0.04065813519991934,
3,260819,mixed,MIXED,CNN_RNND,4359,0.3390071950852871,0.27795449271798134,0.06105270949774422,
3,260819,mixed,MIXED,CNN_RNND,4360,0.45826827734708786,0.368523932993412,0.08974434621632099,
3,260819,mixed,MIXED,CNN_RNND,4361,0.48043217882514,0.38058628141880035,0.09984589740633965,
3,260819,mixed,MIXED,CNN_RNND,4362,0.39296577125787735,0.3175618425011635,0.07540393178351223,
3,260819,mixed,MIXED,CNN_RNND,4363,0.5422189682722092,0.4305020794272423,0.11171690560877323,
3,260819,mixed,MIXED,CNN_RNND,4364,0.4135017618536949,0.3381183594465256,0.07538340240716934,
3,260819,mixed,MIXED,CNN_RNND,4365,0.30156905576586723,0.2557101286947727,0.04585892613977194,
3,260819,mixed,MIXED,CNN_RNND,4366,0.4291679114103317,0.34313632547855377,0.08603158686310053,
3,260819,mixed,MIXED,CNN_RNND,4367,0.4096764549612999,0.33016809448599815,0.07950835907831788,
3,260819,mixed,MIXED,CNN_RNND,4368,0.3049222081899643,0.254718828946352,0.05020337854512036,
3,260819,mixed,MIXED,CNN_RNND,4369,0.33351175487041473,0.2746874913573265,0.05882425652816892,
3,260819,mixed,MIXED,CNN_RNND,4370,0.44744743779301643,0.36698702722787857,0.08046040777117014,
3,260819,mixed,MIXED,CNN_RNND,4371,0.3535363432019949,0.28452115319669247,0.06901518243830651,
3,260819,mixed,MIXED,CNN_RNND,4372,0.6323736310005188,0.4942622184753418,0.13811140693724155,
3,260819,mixed,MIXED,CNN_RNND,4373,0.33322472870349884,0.27341291680932045,0.05981180863454938,
3,260819,mixed,MIXED,CNN_RNND,4374,0.4164094440639019,0.33863937854766846,0.0777700673788786,
3,260819,mixed,MIXED,CNN_RNND,4375,0.46887892484664917,0.37644603848457336,0.09243288263678551,
3,260819,mixed,MIXED,CNN_RNND,4376,0.2938128560781479,0.24041910283267498,0.053393753012642264,
3,260819,mixed,MIXED,CNN_RNND,4377,0.3348097689449787,0.27219924703240395,0.06261052750051022,
3,260819,mixed,MIXED,CNN_RNND,4378,0.3863755613565445,0.3168930783867836,0.06948248855769634,
3,260819,mixed,MIXED,CNN_RNND,4379,0.37951719760894775,0.30686845630407333,0.07264873292297125,
3,260819,mixed,MIXED,CNN_RNND,4380,0.4590158835053444,0.3701845854520798,0.08883130736649036,
3,260819,mixed,MIXED,CNN_RNND,4381,0.3924921900033951,0.3148248754441738,0.07766731013543904,
3,260819,mixed,MIXED,CNN_RNND,4382,0.37943916395306587,0.3107888735830784,0.06865028804168105,
3,260819,mixed,MIXED,CNN_RNND,4383,0.5063593089580536,0.40537770837545395,0.10098160617053509,
3,260819,mixed,MIXED,CNN_RNND,4384,0.6005013659596443,0.4791312515735626,0.12137012556195259,
3,260819,mixed,MIXED,CNN_RNND,4385,0.5162423998117447,0.41430260241031647,0.10193980112671852,
3,260819,mixed,MIXED,CNN_RNND,4386,0.335476778447628,0.2798158787190914,0.055660905316472054,
3,260819,mixed,MIXED,CNN_RNND,4387,0.5053129568696022,0.4075424298644066,0.09777052327990532,
3,260819,mixed,MIXED,CNN_RNND,4388,0.4787942208349705,0.3859494552016258,0.09284477261826396,
3,260819,mixed,MIXED,CNN_RNND,4389,0.5010372847318649,0.39801986515522003,0.10301742888987064,
3,260819,mixed,MIXED,CNN_RNND,4390,0.43784525990486145,0.3484054133296013,0.0894398451782763,
3,260819,mixed,MIXED,CNN_RNND,4391,0.6048049256205559,0.47841211408376694,0.12639280408620834,
3,260819,mixed,MIXED,CNN_RNND,4392,0.37372640892863274,0.3040086552500725,0.06971776252612472,
3,260819,mixed,MIXED,CNN_RNND,4393,0.401985514909029,0.3342549614608288,0.06773056276142597,
3,260819,mixed,MIXED,CNN_RNND,4394,0.32987589202821255,0.2726218905299902,0.05725400149822235,
3,260819,mixed,MIXED,CNN_RNND,4395,0.3343418762087822,0.27760645747184753,0.05673541221767664,
3,260819,mixed,MIXED,CNN_RNND,4396,0.3737468980252743,0.3040372058749199,0.06970969773828983,
3,260819,mixed,MIXED,CNN_RNND,4397,0.4051317013800144,0.3304176554083824,0.07471405109390616,
3,260819,mixed,MIXED,CNN_RNND,4398,0.5971886813640594,0.472692146897316,0.12449652887880802,
3,260819,mixed,MIXED,CNN_RNND,4399,0.515324704349041,0.40471355617046356,0.11061116214841604,
3,260819,mixed,MIXED,CNN_RNND,4400,0.4139332454651594,0.3335995804518461,0.08033365942537785,-1.0516885621223762
3,260819,mixed,MIXED,CNN_RNND,4401,0.625387504696846,0.48856203258037567,0.13682546839118004,
3,260819,mixed,MIXED,CNN_RNND,4402,0.4642518162727356,0.37948454171419144,0.08476728480309248,
3,260819,mixed,MIXED,CNN_RNND,4403,0.3641899526119232,0.29586783424019814,0.06832211744040251,
3,260819,mixed,MIXED,CNN_RNND,4404,0.503239206969738,0.40668072551488876,0.09655848331749439,
3,260819,mixed,MIXED,CNN_RNND,4405,0.4873582273721695,0.3833145722746849,0.10404365137219429,
3,260819,mixed,MIXED,CNN_RNND,4406,0.17072988860309124,0.15060650557279587,0.020123385707847774,
3,260819,mixed,MIXED,CNN_RNND,4407,0.34637298434972763,0.29216182604432106,0.05421115376520902,
3,260819,mixed,MIXED,CNN_RNND,4408,0.42566102743148804,0.343720979988575,0.08194006327539682,
3,260819,mixed,MIXED,CNN_RNND,4409,0.3751060552895069,0.307058185338974,0.06804787460714579,
3,260819,mixed,MIXED,CNN_RNND,4410,0.3297406956553459,0.2724904902279377,0.057250200770795345,
3,260819,mixed,MIXED,CNN_RNND,4411,0.4614177942276001,0.3721988797187805,0.08921891823410988,
3,260819,mixed,MIXED,CNN_RNND,4412,0.24404207430779934,0.20921781659126282,0.03482425934635103,
3,260819,mixed,MIXED,CNN_RNND,4413,0.4146646112203598,0.3356085643172264,0.0790560613386333,
3,260819,mixed,MIXED,CNN_RNND,4414,0.5707232542335987,0.4520280659198761,0.11869518691673875,
3,260819,mixed,MIXED,CNN_RNND,4415,0.28311243653297424,0.2420935146510601,0.04101892316248268,
3,260819,mixed,MIXED,CNN_RNND,4416,0.5287804193794727,0.4218401238322258,0.10694029461592436,
3,260819,mixed,MIXED,CNN_RNND,4417,0.2630449514836073,0.218960115686059,0.04408483114093542,
3,260819,mixed,MIXED,CNN_RNND,4418,0.34169235825538635,0.2821977660059929,0.0594945945776999,
3,260819,mixed,MIXED,CNN_RNND,4419,0.45525555312633514,0.37605249136686325,0.07920305896550417,
3,260819,mixed,MIXED,CNN_RNND,4420,0.6133782863616943,0.48575441539287567,0.1276238802820444,
3,260819,mixed,MIXED,CNN_RNND,4421,0.3489396460354328,0.28908829018473625,0.05985135864466429,
3,260819,mixed,MIXED,CNN_RNND,4422,0.34407189302146435,0.2782713510096073,0.06580055376980454,
3,260819,mixed,MIXED,CNN_RNND,4423,0.1983608976006508,0.17099521309137344,0.02736568811815232,
3,260819,mixed,MIXED,CNN_RNND,4424,0.44239367172122,0.36234693974256516,0.08004673756659031,
3,260819,mixed,MIXED,CNN_RNND,4425,0.41297226399183273,0.3325854614377022,0.08038679789751768,
3,260819,mixed,MIXED,CNN_RNND,4426,0.30966218560934067,0.25215673446655273,0.057505448610754684,
3,260819,mixed,MIXED,CNN_RNND,4427,0.46007922291755676,0.36348892003297806,0.09659030009061098,
3,260819,mixed,MIXED,CNN_RNND,4428,0.4021916128695011,0.3213640786707401,0.08082753606140614,
3,260819,mixed,MIXED,CNN_RNND,4429,0.46638955920934677,0.3699953407049179,0.09639420919120312,
3,260819,mixed,MIXED,CNN_RNND,4430,0.2828707732260227,0.23864389955997467,0.04422687483020127,
3,260819,mixed,MIXED,CNN_RNND,4431,0.3472590893507004,0.2872982285916805,0.05996085377410054,
3,260819,mixed,MIXED,CNN_RNND,4432,0.3434019908308983,0.27807044610381126,0.0653315456584096,
3,260819,mixed,MIXED,CNN_RNND,4433,0.34364868700504303,0.2800985909998417,0.06355009786784649,
3,260819,mixed,MIXED,CNN_RNND,4434,0.4820799380540848,0.39109912514686584,0.09098080918192863,
3,260819,mixed,MIXED,CNN_RNND,4435,0.4614672176539898,0.3698238134384155,0.09164340328425169,
3,260819,mixed,MIXED,CNN_RNND,4436,0.31233493238687515,0.2622711546719074,0.05006377841345966,
3,260819,mixed,MIXED,CNN_RNND,4437,0.4655658081173897,0.37619901448488235,0.08936679176986217,
3,260819,mixed,MIXED,CNN_RNND,4438,0.42122240737080574,0.34038452059030533,0.08083788538351655,
3,260819,mixed,MIXED,CNN_RNND,4439,0.49363819509744644,0.3950102664530277,0.09862792864441872,
3,260819,mixed,MIXED,CNN_RNND,4440,0.510386548936367,0.3986506052315235,0.11173595488071442,
3,260819,mixed,MIXED,CNN_RNND,4441,0.3169347643852234,0.26823750883340836,0.048697248101234436,
3,260819,mixed,MIXED,CNN_RNND,4442,0.5879104137420654,0.4563920274376869,0.1315183937549591,
3,260819,mixed,MIXED,CNN_RNND,4443,0.5094071626663208,0.40939900279045105,0.1000081468373537,
3,260819,mixed,MIXED,CNN_RNND,4444,0.6505966037511826,0.5051463767886162,0.14545021951198578,
3,260819,mixed,MIXED,CNN_RNND,4445,0.45131827145814896,0.36133963614702225,0.08997863344848156,
3,260819,mixed,MIXED,CNN_RNND,4446,0.40129832178354263,0.32456759363412857,0.07673072256147861,
3,260819,mixed,MIXED,CNN_RNND,4447,0.5648553222417831,0.44872286170721054,0.11613245494663715,
3,260819,mixed,MIXED,CNN_RNND,4448,0.5190252140164375,0.40444517880678177,0.1145800556987524,
3,260819,mixed,MIXED,CNN_RNND,4449,0.5848139971494675,0.4626547545194626,0.12215924076735973,
3,260819,mixed,MIXED,CNN_RNND,4450,0.5093417167663574,0.4056919515132904,0.10364976525306702,
3,260819,mixed,MIXED,CNN_RNND,4451,0.32321468368172646,0.26710640266537666,0.05610827723285183,
3,260819,mixed,MIXED,CNN_RNND,4452,0.3334712963551283,0.27175477147102356,0.06171652034390718,
3,260819,mixed,MIXED,CNN_RNND,4453,0.48190392553806305,0.38775038719177246,0.09415353462100029,
3,260819,mixed,MIXED,CNN_RNND,4454,0.4351425990462303,0.3451223075389862,0.09002029523253441,
3,260819,mixed,MIXED,CNN_RNND,4455,0.17554760724306107,0.15446671284735203,0.02108089136891067,
3,260819,mixed,MIXED,CNN_RNND,4456,0.46205614134669304,0.36904122680425644,0.09301491780206561,
3,260819,mixed,MIXED,CNN_RNND,4457,0.5392944812774658,0.43185073137283325,0.10744374059140682,
3,260819,mixed,MIXED,CNN_RNND,4458,0.44679678976535797,0.36026544123888016,0.08653134852647781,
3,260819,mixed,MIXED,CNN_RNND,4459,0.3740434031933546,0.3019807040691376,0.07206269865855575,
3,260819,mixed,MIXED,CNN_RNND,4460,0.30090365186333656,0.24674076959490776,0.05416287388652563,
3,260819,mixed,MIXED,CNN_RNND,4461,0.3811890706419945,0.31226368248462677,0.06892538629472256,
3,260819,mixed,MIXED,CNN_RNND,4462,0.441424410790205,0.35905297100543976,0.08237144444137812,
3,260819,mixed,MIXED,CNN_RNND,4463,0.495616152882576,0.3965650126338005,0.09905115142464638,
3,260819,mixed,MIXED,CNN_RNND,4464,0.21172642149031162,0.18203925155103207,0.029687165515497327,
3,260819,mixed,MIXED,CNN_RNND,4465,0.5232516080141068,0.42503005266189575,0.0982215516269207,
3,260819,mixed,MIXED,CNN_RNND,4466,0.33993108570575714,0.2811896800994873,0.05874140188097954,
3,260819,mixed,MIXED,CNN_RNND,4467,0.4875332787632942,0.386018767952919,0.10151450522243977,
3,260819,mixed,MIXED,CNN_RNND,4468,0.3910245094448328,0.3139127381145954,0.07711176859447733,
3,260819,mixed,MIXED,CNN_RNND,4469,0.4845322519540787,0.3854278475046158,0.09910441003739834,
3,260819,mixed,MIXED,CNN_RNND,4470,0.3431185632944107,0.2858400046825409,0.05727856792509556,
3,260819,mixed,MIXED,CNN_RNND,4471,0.46842486411333084,0.37295646220445633,0.09546840190887451,
3,260819,mixed,MIXED,CNN_RNND,4472,0.3787216618657112,0.3151859976351261,0.06353566236793995,
3,260819,mixed,MIXED,CNN_RNND,4473,0.31340770423412323,0.25950389727950096,0.053903809282928705,
3,260819,mixed,MIXED,CNN_RNND,4474,0.434366337954998,0.3498491458594799,0.08451718342257664,
3,260819,mixed,MIXED,CNN_RNND,4475,0.26649411767721176,0.22980928793549538,0.03668483626097441,
3,260819,mixed,MIXED,CNN_RNND,4476,0.5534122362732887,0.4324418865144253,0.12097036186605692,
3,260819,mixed,MIXED,CNN_RNND,4477,0.39548971876502037,0.3172740042209625,0.07821570849046111,
3,260819,mixed,MIXED,CNN_RNND,4478,0.48274195939302444,0.38545652851462364,0.09728544717654586,
3,260819,mixed,MIXED,CNN_RNND,4479,0.40049708634614944,0.3196372650563717,0.08085982222110033,
3,260819,mixed,MIXED,CNN_RNND,4480,0.37610585428774357,0.30344996228814125,0.07265590329188854,
3,260819,mixed,MIXED,CNN_RNND,4481,0.4452734924852848,0.352568581700325,0.0927049107849598,
3,260819,mixed,MIXED,CNN_RNND,4482,0.37541478127241135,0.3160589560866356,0.05935581959784031,
3,260819,mixed,MIXED,CNN_RNND,4483,0.3901766315102577,0.3142664097249508,0.07591021433472633,
3,260819,mixed,MIXED,CNN_RNND,4484,0.2658245526254177,0.22420817613601685,0.041616376023739576,
3,260819,mixed,MIXED,CNN_RNND,4485,0.572919100522995,0.45372120290994644,0.1191978920251131,
3,260819,mixed,MIXED,CNN_RNND,4486,0.38933441415429115,0.3215626887977123,0.06777172489091754,
3,260819,mixed,MIXED,CNN_RNND,4487,0.4438876658678055,0.3494989797472954,0.09438868053257465,
3,260819,mixed,MIXED,CNN_RNND,4488,0.39296461828053,0.3204906973987818,0.07247392216231674,
3,260819,mixed,MIXED,CNN_RNND,4489,0.3627748992294073,0.29817126505076885,0.06460363138467073,
3,260819,mixed,MIXED,CNN_RNND,4490,0.5259981006383896,0.4161582887172699,0.10983981937170029,
3,260819,mixed,MIXED,CNN_RNND,4491,0.4409878998994827,0.3508825898170471,0.0901053138077259,
3,260819,mixed,MIXED,CNN_RNND,4492,0.38276656344532967,0.31710605323314667,0.06566050741821527,
3,260819,mixed,MIXED,CNN_RNND,4493,0.46291348338127136,0.37260959297418594,0.09030388481914997,
3,260819,mixed,MIXED,CNN_RNND,4494,0.5874598547816277,0.46072911471128464,0.12673074938356876,
3,260819,mixed,MIXED,CNN_RNND,4495,0.3040748480707407,0.2535392679274082,0.05053557635983452,
3,260819,mixed,MIXED,CNN_RNND,4496,0.37683816626667976,0.30287349969148636,0.07396466739010066,
3,260819,mixed,MIXED,CNN_RNND,4497,0.43054990470409393,0.34936485439538956,0.08118506520986557,
3,260819,mixed,MIXED,CNN_RNND,4498,0.34693823382258415,0.28356174007058144,0.06337649456690997,
3,260819,mixed,MIXED,CNN_RNND,4499,0.37808405235409737,0.30401189997792244,0.07407214678823948,
3,260819,mixed,MIXED,CNN_RNND,4500,0.4480622485280037,0.3655957840383053,0.08246646635234356,
3,260819,mixed,MIXED,CNN_RNND,4501,0.26094050146639347,0.22133048623800278,0.03961001639254391,
3,260819,mixed,MIXED,CNN_RNND,4502,0.5211044475436211,0.41698625683784485,0.10411819349974394,
3,260819,mixed,MIXED,CNN_RNND,4503,0.4697076193988323,0.37859567254781723,0.09111194033175707,
3,260819,mixed,MIXED,CNN_RNND,4504,0.3264052979648113,0.2729477807879448,0.05345752416178584,
3,260819,mixed,MIXED,CNN_RNND,4505,0.45859621465206146,0.36607539653778076,0.09252082137390971,
3,260819,mixed,MIXED,CNN_RNND,4506,0.36445261165499687,0.29818273708224297,0.06626987655181438,
3,260819,mixed,MIXED,CNN_RNND,4507,0.410129364579916,0.3288377206772566,0.08129164762794971,
3,260819,mixed,MIXED,CNN_RNND,4508,0.2817969508469105,0.2356506772339344,0.04614627850241959,
3,260819,mixed,MIXED,CNN_RNND,4509,0.17181263118982315,0.14990010671317577,0.021912525757215917,
3,260819,mixed,MIXED,CNN_RNND,4510,0.3393613249063492,0.28445643186569214,0.05490489909425378,
3,260819,mixed,MIXED,CNN_RNND,4511,0.5571583062410355,0.44581399857997894,0.11134430579841137,
3,260819,mixed,MIXED,CNN_RNND,4512,0.25547780841588974,0.2213190570473671,0.03415874962229282,
3,260819,mixed,MIXED,CNN_RNND,4513,0.17127362824976444,0.1483247261494398,0.02294890469056554,
3,260819,mixed,MIXED,CNN_RNND,4514,0.4486234039068222,0.3643404543399811,0.0842829504981637,
3,260819,mixed,MIXED,CNN_RNND,4515,0.1504587773233652,0.1355406828224659,0.014918097294867039,
3,260819,mixed,MIXED,CNN_RNND,4516,0.3451053723692894,0.295637771487236,0.049467604607343674,
3,260819,mixed,MIXED,CNN_RNND,4517,0.38084498420357704,0.3052830770611763,0.07556189689785242,
3,260819,mixed,MIXED,CNN_RNND,4518,0.25041884183883667,0.21664821356534958,0.03377061849460006,
3,260819,mixed,MIXED,CNN_RNND,4519,0.3965078368782997,0.3126215133816004,0.08388631837442517,
3,260819,mixed,MIXED,CNN_RNND,4520,0.4322890676558018,0.3476419150829315,0.08464715350419283,
3,260819,mixed,MIXED,CNN_RNND,4521,0.3705472443252802,0.29576122760772705,0.07478602463379502,
3,260819,mixed,MIXED,CNN_RNND,4522,0.39615048840641975,0.321628637611866,0.07452185079455376,
3,260819,mixed,MIXED,CNN_RNND,4523,0.3633094057440758,0.29582205414772034,0.06748735904693604,
3,260819,mixed,MIXED,CNN_RNND,4524,0.5602286458015442,0.43802155554294586,0.12220709212124348,
3,260819,mixed,MIXED,CNN_RNND,4525,0.4554811008274555,0.36713701859116554,0.08834408363327384,
3,260819,mixed,MIXED,CNN_RNND,4526,0.43995900452136993,0.3502621278166771,0.08969686459749937,
3,260819,mixed,MIXED,CNN_RNND,4527,0.24499989114701748,0.20509652234613895,0.039903365541249514,
3,260819,mixed,MIXED,CNN_RNND,4528,0.48825758695602417,0.39582815766334534,0.09242941997945309,
3,260819,mixed,MIXED,CNN_RNND,4529,0.253084983676672,0.21172720193862915,0.041357784532010555,
3,260819,mixed,MIXED,CNN_RNND,4530,0.25833112746477127,0.22084617242217064,0.03748496063053608,
3,260819,mixed,MIXED,CNN_RNND,4531,0.48209429532289505,0.38870885223150253,0.09338543750345707,
3,260819,mixed,MIXED,CNN_RNND,4532,0.4144083708524704,0.3385658971965313,0.07584247225895524,
3,260819,mixed,MIXED,CNN_RNND,4533,0.5769240260124207,0.4490417242050171,0.127882300876081,
3,260819,mixed,MIXED,CNN_RNND,4534,0.37185195460915565,0.304873950779438,0.06697799172252417,
3,260819,mixed,MIXED,CNN_RNND,4535,0.46036312729120255,0.3742278069257736,0.0861353101208806,
3,260819,mixed,MIXED,CNN_RNND,4536,0.29707285948097706,0.24352775514125824,0.053545097121968865,
3,260819,mixed,MIXED,CNN_RNND,4537,0.2612413875758648,0.21962175518274307,0.041619631520006806,
3,260819,mixed,MIXED,CNN_RNND,4538,0.5093801766633987,0.4038522318005562,0.10552794300019741,
3,260819,mixed,MIXED,CNN_RNND,4539,0.40780317038297653,0.32912085950374603,0.07868231274187565,
3,260819,mixed,MIXED,CNN_RNND,4540,0.2653489485383034,0.22436853498220444,0.04098041262477636,
3,260819,mixed,MIXED,CNN_RNND,4541,0.301347803324461,0.25520192086696625,0.046145880594849586,
3,260819,mixed,MIXED,CNN_RNND,4542,0.38023489713668823,0.3153081238269806,0.06492677051573992,
3,260819,mixed,MIXED,CNN_RNND,4543,0.3844805769622326,0.3183590490370989,0.06612153118476272,
3,260819,mixed,MIXED,CNN_RNND,4544,0.40661775320768356,0.3310953751206398,0.07552238460630178,
3,260819,mixed,MIXED,CNN_RNND,4545,0.47359730303287506,0.3761988691985607,0.09739843755960464,
3,260819,mixed,MIXED,CNN_RNND,4546,0.31824004277586937,0.2620394378900528,0.05620060849469155,
3,260819,mixed,MIXED,CNN_RNND,4547,0.4034319370985031,0.3238089382648468,0.07962299790233374,
3,260819,mixed,MIXED,CNN_RNND,4548,0.15639575012028217,0.1397514995187521,0.016644248215015978,
3,260819,mixed,MIXED,CNN_RNND,4549,0.4471787214279175,0.3593109995126724,0.08786771818995476,
3,260819,mixed,MIXED,CNN_RNND,4550,0.3854887932538986,0.3126998022198677,0.0727889914996922,
3,260819,mixed,MIXED,CNN_RNND,4551,0.31030236929655075,0.25864826515316963,0.051654110196977854,
3,260819,mixed,MIXED,CNN_RNND,4552,0.3259720206260681,0.2737191617488861,0.05225285142660141,
3,260819,mixed,MIXED,CNN_RNND,4553,0.35234649293124676,0.2841833122074604,0.0681631782790646,
3,260819,mixed,MIXED,CNN_RNND,4554,0.3665959984064102,0.306637205183506,0.059958791360259056,
3,260819,mixed,MIXED,CNN_RNND,4555,0.3046836107969284,0.2574467845261097,0.04723683325573802,
3,260819,mixed,MIXED,CNN_RNND,4556,0.3454332947731018,0.2828744314610958,0.06255886796861887,
3,260819,mixed,MIXED,CNN_RNND,4557,0.4629941005259752,0.38007341884076595,0.08292067376896739,
3,260819,mixed,MIXED,CNN_RNND,4558,0.5330747440457344,0.42527715116739273,0.10779759101569653,
3,260819,mixed,MIXED,CNN_RNND,4559,0.45336638391017914,0.36123017966747284,0.09213619865477085,
3,260819,mixed,MIXED,CNN_RNND,4560,0.33827146887779236,0.2796314209699631,0.05864004325121641,
3,260819,mixed,MIXED,CNN_RNND,4561,0.4016469679772854,0.322017602622509,0.07962936512194574,
3,260819,mixed,MIXED,CNN_RNND,4562,0.37529062293469906,0.30435578897595406,0.07093484187498689,
3,260819,mixed,MIXED,CNN_RNND,4563,0.4252571314573288,0.3442090228199959,0.08104811049997807,
3,260819,mixed,MIXED,CNN_RNND,4564,0.38266488909721375,0.3104656748473644,0.07219922356307507,
3,260819,mixed,MIXED,CNN_RNND,4565,0.42052846401929855,0.3415270373225212,0.07900142855942249,
3,260819,mixed,MIXED,CNN_RNND,4566,0.4768213629722595,0.38107771053910255,0.09574364125728607,
3,260819,mixed,MIXED,CNN_RNND,4567,0.41649921238422394,0.33252865076065063,0.08397055556997657,
3,260819,mixed,MIXED,CNN_RNND,4568,0.2658459357917309,0.22761954367160797,0.03822639770805836,
3,260819,mixed,MIXED,CNN_RNND,4569,0.4253373220562935,0.3447057232260704,0.08063159324228764,
3,260819,mixed,MIXED,CNN_RNND,4570,0.3779991641640663,0.3118623122572899,0.06613685190677643,
3,260819,mixed,MIXED,CNN_RNND,4571,0.4644598439335823,0.3823259584605694,0.08213388361036777,
3,260819,mixed,MIXED,CNN_RNND,4572,0.2914445102214813,0.24604777991771698,0.045396733563393354,
3,260819,mixed,MIXED,CNN_RNND,4573,0.2836646940559149,0.2318314127624035,0.051833273377269506,
3,260819,mixed,MIXED,CNN_RNND,4574,0.29110970348119736,0.2486446425318718,0.042465062462724745,
3,260819,mixed,MIXED,CNN_RNND,4575,0.46458500996232033,0.3660295605659485,0.09855545219033957,
3,260819,mixed,MIXED,CNN_RNND,4576,0.4147937446832657,0.33497484773397446,0.07981889694929123,
3,260819,mixed,MIXED,CNN_RNND,4577,0.22943808138370514,0.1983693204820156,0.031068763695657253,
3,260819,mixed,MIXED,CNN_RNND,4578,0.45696534775197506,0.37205592170357704,0.08490943186916411,
3,260819,mixed,MIXED,CNN_RNND,4579,0.34371843934059143,0.2901822254061699,0.05353621207177639,
3,260819,mixed,MIXED,CNN_RNND,4580,0.36291835457086563,0.29523082822561264,0.06768753100186586,
3,260819,mixed,MIXED,CNN_RNND,4581,0.6634943187236786,0.5163814947009087,0.14711283147335052,
3,260819,mixed,MIXED,CNN_RNND,4582,0.3310540094971657,0.2720719128847122,0.05898210033774376,
3,260819,mixed,MIXED,CNN_RNND,4583,0.5083092600107193,0.403378963470459,0.10493030026555061,
3,260819,mixed,MIXED,CNN_RNND,4584,0.49802910536527634,0.38850734382867813,0.10952176619321108,
3,260819,mixed,MIXED,CNN_RNND,4585,0.35172078013420105,0.28652432188391685,0.06519645871594548,
3,260819,mixed,MIXED,CNN_RNND,4586,0.45041748508810997,0.3606401439756155,0.08977733500069007,
3,260819,mixed,MIXED,CNN_RNND,4587,0.4868980795145035,0.3852775767445564,0.1016205083578825,
3,260819,mixed,MIXED,CNN_RNND,4588,0.4014139622449875,0.3273412697017193,0.07407268602401018,
3,260819,mixed,MIXED,CNN_RNND,4589,0.5426050052046776,0.42507219314575195,0.11753280833363533,
3,260819,mixed,MIXED,CNN_RNND,4590,0.7132592052221298,0.557124949991703,0.15613424591720104,
3,260819,mixed,MIXED,CNN_RNND,4591,0.3213718365877867,0.27039642073214054,0.050975420512259007,
3,260819,mixed,MIXED,CNN_RNND,4592,0.40974485874176025,0.3308578133583069,0.07888705097138882,
3,260819,mixed,MIXED,CNN_RNND,4593,0.41251688823103905,0.33844970911741257,0.07406717445701361,
3,260819,mixed,MIXED,CNN_RNND,4594,0.3318067938089371,0.27450815588235855,0.05729863978922367,
3,260819,mixed,MIXED,CNN_RNND,4595,0.24207868799567223,0.21051128581166267,0.03156739997211844,
3,260819,mixed,MIXED,CNN_RNND,4596,0.3498467691242695,0.28337497636675835,0.06647178763523698,
3,260819,mixed,MIXED,CNN_RNND,4597,0.4018716849386692,0.3228960521519184,0.07897562813013792,
3,260819,mixed,MIXED,CNN_RNND,4598,0.3818700313568115,0.3086780682206154,0.07319197058677673,
3,260819,mixed,MIXED,CNN_RNND,4599,0.4865592159330845,0.3899267613887787,0.09663244837429374,
3,260819,mixed,MIXED,CNN_RNND,4600,0.3750377930700779,0.3071911633014679,0.06784663023427129,-1.0665417239601624
3,260819,mixed,MIXED,CNN_RNND,4601,0.43981609866023064,0.35236795246601105,0.08744814246892929,
3,260819,mixed,MIXED,CNN_RNND,4602,0.29956233128905296,0.25067245587706566,0.04888987960293889,
3,260819,mixed,MIXED,CNN_RNND,4603,0.5833241418004036,0.4577158913016319,0.1256082598119974,
3,260819,mixed,MIXED,CNN_RNND,4604,0.35587114840745926,0.29702264815568924,0.058848495595157146,
3,260819,mixed,MIXED,CNN_RNND,4605,0.2365265153348446,0.20458905026316643,0.031937466468662024,
3,260819,mixed,MIXED,CNN_RNND,4606,0.4197147637605667,0.3440809100866318,0.07563384808599949,
3,260819,mixed,MIXED,CNN_RNND,4607,0.4314478412270546,0.34739774093031883,0.08405010076239705,
3,260819,mixed,MIXED,CNN_RNND,4608,0.42185118794441223,0.34641923755407333,0.07543194852769375,
3,260819,mixed,MIXED,CNN_RNND,4609,0.3949422799050808,0.32883060723543167,0.06611167453229427,
3,260819,mixed,MIXED,CNN_RNND,4610,0.35423092916607857,0.2902585659176111,0.06397236441262066,
3,260819,mixed,MIXED,CNN_RNND,4611,0.4363425988703966,0.35322434827685356,0.0831182471010834,
3,260819,mixed,MIXED,CNN_RNND,4612,0.45269398763775826,0.3655810132622719,0.08711297484114766,
3,260819,mixed,MIXED,CNN_RNND,4613,0.42972907423973083,0.34817127138376236,0.08155778981745243,
3,260819,mixed,MIXED,CNN_RNND,4614,0.45568450167775154,0.36847517639398575,0.08720933366566896,
3,260819,mixed,MIXED,CNN_RNND,4615,0.27105749398469925,0.23410941287875175,0.03694808389991522,
3,260819,mixed,MIXED,CNN_RNND,4616,0.569605141878128,0.4558531865477562,0.1137519683688879,
3,260819,mixed,MIXED,CNN_RNND,4617,0.30243813432753086,0.25181863084435463,0.05061950228991918,
3,260819,mixed,MIXED,CNN_RNND,4618,0.32997119426727295,0.2722310945391655,0.05774009111337364,
3,260819,mixed,MIXED,CNN_RNND,4619,0.3633791655302048,0.30050792172551155,0.06287124659866095,
3,260819,mixed,MIXED,CNN_RNND,4620,0.4795478284358978,0.3848807066679001,0.0946671087294817,
3,260819,mixed,MIXED,CNN_RNND,4621,0.36272828467190266,0.2915771622210741,0.07115113036707044,
3,260819,mixed,MIXED,CNN_RNND,4622,0.3336811438202858,0.27606696635484695,0.057614183984696865,
3,260819,mixed,MIXED,CNN_RNND,4623,0.37319011613726616,0.30325135961174965,0.06993875466287136,
3,260819,mixed,MIXED,CNN_RNND,4624,0.3014111667871475,0.25162605941295624,0.04978510271757841,
3,260819,mixed,MIXED,CNN_RNND,4625,0.500092901289463,0.40485604107379913,0.09523686254397035,
3,260819,mixed,MIXED,CNN_RNND,4626,0.3227982595562935,0.2657369375228882,0.057061323430389166,
3,260819,mixed,MIXED,CNN_RNND,4627,0.4895307496190071,0.39497558772563934,0.09455517865717411,
3,260819,mixed,MIXED,CNN_RNND,4628,0.5752845853567123,0.4496473893523216,0.12563719972968102,
3,260819,mixed,MIXED,CNN_RNND,4629,0.2531910203397274,0.21587573550641537,0.037315288092941046,
3,260819,mixed,MIXED,CNN_RNND,4630,0.3882942460477352,0.3112933300435543,0.07700092298910022,
3,260819,mixed,MIXED,CNN_RNND,4631,0.38305918127298355,0.31224074959754944,0.07081842608749866,
3,260819,mixed,MIXED,CNN_RNND,4632,0.2896496243774891,0.24162952601909637,0.048020096961408854,
3,260819,mixed,MIXED,CNN_RNND,4633,0.5558965802192688,0.4335893541574478,0.12230723164975643,
3,260819,mixed,MIXED,CNN_RNND,4634,0.341786727309227,0.28519340604543686,0.05659332871437073,
3,260819,mixed,MIXED,CNN_RNND,4635,0.5470522344112396,0.436770498752594,0.11028174683451653,
3,260819,mixed,MIXED,CNN_RNND,4636,0.45231104642152786,0.3635888993740082,0.08872214751318097,
3,260819,mixed,MIXED,CNN_RNND,4637,0.6187595129013062,0.48812197148799896,0.13063754327595234,
3,260819,mixed,MIXED,CNN_RNND,4638,0.3609970659017563,0.29780113697052,0.06319593102671206,
3,260819,mixed,MIXED,CNN_RNND,4639,0.33959655463695526,0.2841499261558056,0.05544663406908512,
3,260819,mixed,MIXED,CNN_RNND,4640,0.41783521324396133,0.34050336107611656,0.07733185589313507,
3,260819,mixed,MIXED,CNN_RNND,4641,0.3615000694990158,0.29540928080677986,0.06609078869223595,
3,260819,mixed,MIXED,CNN_RNND,4642,0.4894760027527809,0.3974481672048569,0.09202782809734344,
3,260819,mixed,MIXED,CNN_RNND,4643,0.40929805487394333,0.3323238529264927,0.07697420055046678,
3,260819,mixed,MIXED,CNN_RNND,4644,0.2743466291576624,0.2341220509260893,0.04022456984966993,
3,260819,mixed,MIXED,CNN_RNND,4645,0.5547073855996132,0.43572917580604553,0.11897820606827736,
3,260819,mixed,MIXED,CNN_RNND,4646,0.3811895176768303,0.31284160166978836,0.06834790762513876,
3,260819,mixed,MIXED,CNN_RNND,4647,0.49546125903725624,0.39219751209020615,0.10326374229043722,
3,260819,mixed,MIXED,CNN_RNND,4648,0.5241893269121647,0.41240939497947693,0.11177992634475231,
3,260819,mixed,MIXED,CNN_RNND,4649,0.4924854710698128,0.391791183501482,0.10069429501891136,
3,260819,mixed,MIXED,CNN_RNND,4650,0.3772008568048477,0.30553889460861683,0.07166197343030944,
3,260819,mixed,MIXED,CNN_RNND,4651,0.36096886172890663,0.28942254930734634,0.0715463116648607,
3,260819,mixed,MIXED,CNN_RNND,4652,0.2968664616346359,0.248508058488369,0.048358394764363766,
3,260819,mixed,MIXED,CNN_RNND,4653,0.3000655099749565,0.24346585758030415,0.05659965451923199,
3,260819,mixed,MIXED,CNN_RNND,4654,0.39954338036477566,0.3236979451030493,0.07584542606491596,
3,260819,mixed,MIXED,CNN_RNND,4655,0.2707403227686882,0.2281208410859108,0.04261948121711612,
3,260819,mixed,MIXED,CNN_RNND,4656,0.359535351395607,0.3000894524157047,0.05944589478895068,
3,260819,mixed,MIXED,CNN_RNND,4657,0.4429626166820526,0.35306491330266,0.08989770896732807,
3,260819,mixed,MIXED,CNN_RNND,4658,0.3624335750937462,0.2965661287307739,0.06586744263768196,
3,260819,mixed,MIXED,CNN_RNND,4659,0.3957209326326847,0.32436398416757584,0.07135695591568947,
3,260819,mixed,MIXED,CNN_RNND,4660,0.5621511191129684,0.44967927411198616,0.1124718515202403,
3,260819,mixed,MIXED,CNN_RNND,4661,0.518641971051693,0.4090556502342224,0.10958630871027708,
3,260819,mixed,MIXED,CNN_RNND,4662,0.3873043321073055,0.31556112691760063,0.07174320379272103,
3,260819,mixed,MIXED,CNN_RNND,4663,0.4175599701702595,0.3320193365216255,0.08554064901545644,
3,260819,mixed,MIXED,CNN_RNND,4664,0.48484963178634644,0.3829457685351372,0.10190386697649956,
3,260819,mixed,MIXED,CNN_RNND,4665,0.3573256619274616,0.29365986213088036,0.06366579234600067,
3,260819,mixed,MIXED,CNN_RNND,4666,0.32260188087821007,0.2614607401192188,0.0611411421559751,
3,260819,mixed,MIXED,CNN_RNND,4667,0.2849974911659956,0.23882379475980997,0.046173699432983994,
3,260819,mixed,MIXED,CNN_RNND,4668,0.42466479539871216,0.34397266060113907,0.08069214038550854,
3,260819,mixed,MIXED,CNN_RNND,4669,0.42059629410505295,0.3439074642956257,0.07668883446604013,
3,260819,mixed,MIXED,CNN_RNND,4670,0.3121607769280672,0.25694230385124683,0.05521846836199984,
3,260819,mixed,MIXED,CNN_RNND,4671,0.30104580894112587,0.2551836334168911,0.045862182043492794,
3,260819,mixed,MIXED,CNN_RNND,4672,0.3835803456604481,0.32059139013290405,0.06298894854262471,
3,260819,mixed,MIXED,CNN_RNND,4673,0.30607861652970314,0.2514206413179636,0.054657969740219414,
3,260819,mixed,MIXED,CNN_RNND,4674,0.4180436134338379,0.3462921716272831,0.07175143947824836,
3,260819,mixed,MIXED,CNN_RNND,4675,0.3658813387155533,0.2948789447546005,0.07100239302963018,
3,260819,mixed,MIXED,CNN_RNND,4676,0.46264977753162384,0.3704447075724602,0.09220507089048624,
3,260819,mixed,MIXED,CNN_RNND,4677,0.3678640089929104,0.3015056401491165,0.06635837332578376,
3,260819,mixed,MIXED,CNN_RNND,4678,0.3838539831340313,0.31039702147245407,0.07345695793628693,
3,260819,mixed,MIXED,CNN_RNND,4679,0.6169987842440605,0.4874415099620819,0.1295572854578495,
3,260819,mixed,MIXED,CNN_RNND,4680,0.5787787511944771,0.45614805072546005,0.12263070233166218,
3,260819,mixed,MIXED,CNN_RNND,4681,0.34691140800714493,0.28744735941290855,0.05946404626592994,
3,260819,mixed,MIXED,CNN_RNND,4682,0.379737064242363,0.31259675323963165,0.0671403044834733,
3,260819,mixed,MIXED,CNN_RNND,4683,0.32068467140197754,0.2680040989071131,0.05268056970089674,
3,260819,mixed,MIXED,CNN_RNND,4684,0.49659131467342377,0.40022241696715355,0.09636890888214111,
3,260819,mixed,MIXED,CNN_RNND,4685,0.46382468938827515,0.3684718757867813,0.09535282477736473,
3,260819,mixed,MIXED,CNN_RNND,4686,0.49512528628110886,0.3912931978702545,0.10383209958672523,
3,260819,mixed,MIXED,CNN_RNND,4687,0.2534827087074518,0.21190749295055866,0.04157521214801818,
3,260819,mixed,MIXED,CNN_RNND,4688,0.439961239695549,0.35248908028006554,0.0874721622094512,
3,260819,mixed,MIXED,CNN_RNND,4689,0.5051168128848076,0.400572519749403,0.10454429127275944,
3,260819,mixed,MIXED,CNN_RNND,4690,0.2710591293871403,0.22588379308581352,0.045175342820584774,
3,260819,mixed,MIXED,CNN_RNND,4691,0.376526340842247,0.3004819341003895,0.07604441326111555,
3,260819,mixed,MIXED,CNN_RNND,4692,0.2375357300043106,0.20061183720827103,0.036923898733220994,
3,260819,mixed,MIXED,CNN_RNND,4693,0.4871984124183655,0.39359866082668304,0.09359975159168243,
3,260819,mixed,MIXED,CNN_RNND,4694,0.4799971394240856,0.3846938833594322,0.09530323836952448,
3,260819,mixed,MIXED,CNN_RNND,4695,0.4192924052476883,0.3362216092646122,0.08307078527286649,
3,260819,mixed,MIXED,CNN_RNND,4696,0.2917347624897957,0.23915103264153004,0.05258373750257306,
3,260819,mixed,MIXED,CNN_RNND,4697,0.5190936326980591,0.41222570836544037,0.10686792526394129,
3,260819,mixed,MIXED,CNN_RNND,4698,0.62151750177145,0.4880211129784584,0.13349638506770134,
3,260819,mixed,MIXED,CNN_RNND,4699,0.3092806190252304,0.258907999843359,0.05037260893732309,
3,260819,mixed,MIXED,CNN_RNND,4700,0.44679319113492966,0.35830336809158325,0.08848982769995928,
3,260819,mixed,MIXED,CNN_RNND,4701,0.40124241821467876,0.3229614971205592,0.07828092512500007,
3,260819,mixed,MIXED,CNN_RNND,4702,0.4975949749350548,0.4014030322432518,0.09619195200502872,
3,260819,mixed,MIXED,CNN_RNND,4703,0.5039688050746918,0.403926357626915,0.10004244092851877,
3,260819,mixed,MIXED,CNN_RNND,4704,0.2881457693874836,0.23666447401046753,0.05148129537701607,
3,260819,mixed,MIXED,CNN_RNND,4705,0.48688163608312607,0.38857512921094894,0.09830651618540287,
3,260819,mixed,MIXED,CNN_RNND,4706,0.42447328567504883,0.34583037719130516,0.07864290662109852,
3,260819,mixed,MIXED,CNN_RNND,4707,0.4767436385154724,0.3807804062962532,0.09596325270831585,
3,260819,mixed,MIXED,CNN_RNND,4708,0.4863419085741043,0.38520414382219315,0.10113776475191116,
3,260819,mixed,MIXED,CNN_RNND,4709,0.37089384719729424,0.31090082228183746,0.059993027709424496,
3,260819,mixed,MIXED,CNN_RNND,4710,0.5346152037382126,0.42120762541890144,0.11340757738798857,
3,260819,mixed,MIXED,CNN_RNND,4711,0.5254186689853668,0.41718772798776627,0.10823093354701996,
3,260819,mixed,MIXED,CNN_RNND,4712,0.30868900567293167,0.25707606598734856,0.05161293409764767,
3,260819,mixed,MIXED,CNN_RNND,4713,0.4421504456549883,0.3471219129860401,0.09502853453159332,
3,260819,mixed,MIXED,CNN_RNND,4714,0.38558461144566536,0.3118197098374367,0.07376489415764809,
3,260819,mixed,MIXED,CNN_RNND,4715,0.2717253640294075,0.22579430788755417,0.045931064581964165,
3,260819,mixed,MIXED,CNN_RNND,4716,0.357546903192997,0.292343195527792,0.06520370370708406,
3,260819,mixed,MIXED,CNN_RNND,4717,0.4140165261924267,0.33640579879283905,0.07761072972789407,
3,260819,mixed,MIXED,CNN_RNND,4718,0.413991492241621,0.3363058678805828,0.07768562668934464,
3,260819,mixed,MIXED,CNN_RNND,4719,0.4848460666835308,0.3859291076660156,0.09891696833074093,
3,260819,mixed,MIXED,CNN_RNND,4720,0.49741243571043015,0.39756685495376587,0.09984557889401913,
3,260819,mixed,MIXED,CNN_RNND,4721,0.4194033816456795,0.3401562571525574,0.07924712169915438,
3,260819,mixed,MIXED,CNN_RNND,4722,0.33688855916261673,0.28062016889452934,0.056268390733748674,
3,260819,mixed,MIXED,CNN_RNND,4723,0.5527295991778374,0.44096894562244415,0.11176065914332867,
3,260819,mixed,MIXED,CNN_RNND,4724,0.36124235205352306,0.2906794548034668,0.07056289614411071,
3,260819,mixed,MIXED,CNN_RNND,4725,0.1646779701113701,0.14622538723051548,0.01845258055254817,
3,260819,mixed,MIXED,CNN_RNND,4726,0.43180384673178196,0.34242043644189835,0.08938342006877065,
3,260819,mixed,MIXED,CNN_RNND,4727,0.2944110818207264,0.24103779718279839,0.05337327439337969,
3,260819,mixed,MIXED,CNN_RNND,4728,0.29568078368902206,0.25531911477446556,0.04036165960133076,
3,260819,mixed,MIXED,CNN_RNND,4729,0.5043372735381126,0.4049413353204727,0.09939592890441418,
3,260819,mixed,MIXED,CNN_RNND,4730,0.5465353429317474,0.43889960646629333,0.10763575043529272,
3,260819,mixed,MIXED,CNN_RNND,4731,0.5676896423101425,0.4481671154499054,0.11952252313494682,
3,260819,mixed,MIXED,CNN_RNND,4732,0.27943945303559303,0.23813297599554062,0.04130648332647979,
3,260819,mixed,MIXED,CNN_RNND,4733,0.36387424916028976,0.30455122888088226,0.05932301329448819,
3,260819,mixed,MIXED,CNN_RNND,4734,0.5222438275814056,0.420754611492157,0.10148920584470034,
3,260819,mixed,MIXED,CNN_RNND,4735,0.3410232402384281,0.2768034599721432,0.06421977374702692,
3,260819,mixed,MIXED,CNN_RNND,4736,0.31288157030940056,0.2575059048831463,0.055375654716044664,
3,260819,mixed,MIXED,CNN_RNND,4737,0.42848411202430725,0.34405507147312164,0.08442903310060501,
3,260819,mixed,MIXED,CNN_RNND,4738,0.2789885587990284,0.23539400100708008,0.04359456058591604,
3,260819,mixed,MIXED,CNN_RNND,4739,0.5259676575660706,0.42062217369675636,0.10534548619762063,
3,260819,mixed,MIXED,CNN_RNND,4740,0.44894638657569885,0.363004706799984,0.0859416900202632,
3,260819,mixed,MIXED,CNN_RNND,4741,0.38870910182595253,0.32337139174342155,0.06533770868554711,
3,260819,mixed,MIXED,CNN_RNND,4742,0.30112123489379883,0.25366074591875076,0.047460490837693214,
3,260819,mixed,MIXED,CNN_RNND,4743,0.422384537756443,0.34397634118795395,0.07840820774435997,
3,260819,mixed,MIXED,CNN_RNND,4744,0.4215169921517372,0.3407279811799526,0.08078901749104261,
3,260819,mixed,MIXED,CNN_RNND,4745,0.4237217679619789,0.33977219834923744,0.08394957147538662,
3,260819,mixed,MIXED,CNN_RNND,4746,0.7195132523775101,0.5582142919301987,0.1612989790737629,
3,260819,mixed,MIXED,CNN_RNND,4747,0.38227764517068863,0.31466082483530045,0.06761681847274303,
3,260819,mixed,MIXED,CNN_RNND,4748,0.49853765219449997,0.39777589589357376,0.10076176002621651,
3,260819,mixed,MIXED,CNN_RNND,4749,0.3079726882278919,0.2566803768277168,0.05129230860620737,
3,260819,mixed,MIXED,CNN_RNND,4750,0.37204309552907944,0.307739969342947,0.06430311873555183,
3,260819,mixed,MIXED,CNN_RNND,4751,0.4133985750377178,0.33160946518182755,0.08178912149742246,
3,260819,mixed,MIXED,CNN_RNND,4752,0.42356690019369125,0.33957768976688385,0.08398920600302517,
3,260819,mixed,MIXED,CNN_RNND,4753,0.46778618544340134,0.3758186399936676,0.09196753241121769,
3,260819,mixed,MIXED,CNN_RNND,4754,0.38324662297964096,0.3102017864584923,0.07304483419284225,
3,260819,mixed,MIXED,CNN_RNND,4755,0.4594140872359276,0.368185892701149,0.0912281982600689,
3,260819,mixed,MIXED,CNN_RNND,4756,0.37100162357091904,0.3098776079714298,0.06112401653081179,
3,260819,mixed,MIXED,CNN_RNND,4757,0.4358626529574394,0.3492620997130871,0.08660054299980402,
3,260819,mixed,MIXED,CNN_RNND,4758,0.43376941978931427,0.3544403687119484,0.07932904921472073,
3,260819,mixed,MIXED,CNN_RNND,4759,0.5532181076705456,0.4424552842974663,0.11076280707493424,
3,260819,mixed,MIXED,CNN_RNND,4760,0.4794122651219368,0.37671226263046265,0.1026999931782484,
3,260819,mixed,MIXED,CNN_RNND,4761,0.4655478596687317,0.3751017600297928,0.09044610057026148,
3,260819,mixed,MIXED,CNN_RNND,4762,0.5334781780838966,0.42117075622081757,0.11230742372572422,
3,260819,mixed,MIXED,CNN_RNND,4763,0.336194122210145,0.2733493037521839,0.06284482218325138,
3,260819,mixed,MIXED,CNN_RNND,4764,0.46390591748058796,0.3781602419912815,0.0857456773519516,
3,260819,mixed,MIXED,CNN_RNND,4765,0.39091137796640396,0.3191021680831909,0.07180920371320099,
3,260819,mixed,MIXED,CNN_RNND,4766,0.578229084610939,0.4543709307909012,0.12385817058384418,
3,260819,mixed,MIXED,CNN_RNND,4767,0.30216592364013195,0.25896325148642063,0.04320266668219119,
3,260819,mixed,MIXED,CNN_RNND,4768,0.5399472713470459,0.4284689873456955,0.11147829331457615,
3,260819,mixed,MIXED,CNN_RNND,4769,0.3118450194597244,0.2588516790419817,0.0529933434445411,
3,260819,mixed,MIXED,CNN_RNND,4770,0.3935862258076668,0.31299907714128494,0.08058715052902699,
3,260819,mixed,MIXED,CNN_RNND,4771,0.37806229293346405,0.30640218779444695,0.07166011026129127,
3,260819,mixed,MIXED,CNN_RNND,4772,0.37767794728279114,0.3063524104654789,0.07132554054260254,
3,260819,mixed,MIXED,CNN_RNND,4773,0.2752914987504482,0.2301774024963379,0.04511409904807806,
3,260819,mixed,MIXED,CNN_RNND,4774,0.43198002874851227,0.3463558480143547,0.08562418539077044,
3,260819,mixed,MIXED,CNN_RNND,4775,0.46120015531778336,0.3661489970982075,0.09505116380751133,
3,260819,mixed,MIXED,CNN_RNND,4776,0.4074146896600723,0.33148427307605743,0.07593041658401489,
3,260819,mixed,MIXED,CNN_RNND,4777,0.3194959908723831,0.2639256380498409,0.0555703523568809,
3,260819,mixed,MIXED,CNN_RNND,4778,0.39406681433320045,0.32565903663635254,0.06840778095647693,
3,260819,mixed,MIXED,CNN_RNND,4779,0.32946260273456573,0.268510103225708,0.06095249904319644,
3,260819,mixed,MIXED,CNN_RNND,4780,0.47251831740140915,0.36763300001621246,0.10488531365990639,
3,260819,mixed,MIXED,CNN_RNND,4781,0.2027973160147667,0.17617564275860786,0.02662167209200561,
3,260819,mixed,MIXED,CNN_RNND,4782,0.4225160591304302,0.33892374485731125,0.083592324052006,
3,260819,mixed,MIXED,CNN_RNND,4783,0.33865479566156864,0.2774100750684738,0.061244723154231906,
3,260819,mixed,MIXED,CNN_RNND,4784,0.433587484061718,0.34544411301612854,0.0881433766335249,
3,260819,mixed,MIXED,CNN_RNND,4785,0.5043460428714752,0.40402767807245255,0.1003183713182807,
3,260819,mixed,MIXED,CNN_RNND,4786,0.2858454491943121,0.2420666627585888,0.04377879074309021,
3,260819,mixed,MIXED,CNN_RNND,4787,0.44495053589344025,0.3581371605396271,0.08681336790323257,
3,260819,mixed,MIXED,CNN_RNND,4788,0.3986639939248562,0.3269004225730896,0.07176357094431296,
3,260819,mixed,MIXED,CNN_RNND,4789,0.43856486305594444,0.35393430292606354,0.08463055500760674,
3,260819,mixed,MIXED,CNN_RNND,4790,0.5081826895475388,0.4050579220056534,0.10312476195394993,
3,260819,mixed,MIXED,CNN_RNND,4791,0.5730239748954773,0.44872409105300903,0.12429988756775856,
3,260819,mixed,MIXED,CNN_RNND,4792,0.26628577895462513,0.22575372457504272,0.04053205967647955,
3,260819,mixed,MIXED,CNN_RNND,4793,0.3482650928199291,0.28679412975907326,0.061470977030694485,
3,260819,mixed,MIXED,CNN_RNND,4794,0.5013602077960968,0.39522597566246986,0.10613422188907862,
3,260819,mixed,MIXED,CNN_RNND,4795,0.2429262027144432,0.20869914069771767,0.0342270634137094,
3,260819,mixed,MIXED,CNN_RNND,4796,0.32037054747343063,0.26443858072161674,0.05593195848632604,
3,260819,mixed,MIXED,CNN_RNND,4797,0.46914611756801605,0.37132319062948227,0.09782291948795319,
3,260819,mixed,MIXED,CNN_RNND,4798,0.1792088747024536,0.15674875676631927,0.022460117557784542,
3,260819,mixed,MIXED,CNN_RNND,4799,0.337569996714592,0.28210868313908577,0.05546131730079651,
3,260819,mixed,MIXED,CNN_RNND,4800,0.3347734659910202,0.2757587172091007,0.05901475716382265,-1.0675235737594218
3,260819,mixed,MIXED,CNN_RNND,4801,0.5335474237799644,0.42095810174942017,0.11258932203054428,
3,260819,mixed,MIXED,CNN_RNND,4802,0.5020629093050957,0.40481459349393845,0.09724830649793148,
3,260819,mixed,MIXED,CNN_RNND,4803,0.21730659902095795,0.18200057744979858,0.03530601877719164,
3,260819,mixed,MIXED,CNN_RNND,4804,0.23268571868538857,0.19774329662322998,0.0349424269516021,
3,260819,mixed,MIXED,CNN_RNND,4805,0.4884561076760292,0.39186999946832657,0.09658611379563808,
3,260819,mixed,MIXED,CNN_RNND,4806,0.6305245459079742,0.4950407147407532,0.13548381626605988,
3,260819,mixed,MIXED,CNN_RNND,4807,0.43688368797302246,0.351732961833477,0.08515072893351316,
3,260819,mixed,MIXED,CNN_RNND,4808,0.46076320111751556,0.3709530234336853,0.08981018047779799,
3,260819,mixed,MIXED,CNN_RNND,4809,0.38486364111304283,0.31747571006417274,0.06738793663680553,
3,260819,mixed,MIXED,CNN_RNND,4810,0.4766600765287876,0.377043254673481,0.09961683163419366,
3,260819,mixed,MIXED,CNN_RNND,4811,0.4022725857794285,0.33043549954891205,0.07183708157390356,
3,260819,mixed,MIXED,CNN_RNND,4812,0.6411158740520477,0.5093934535980225,0.13172242790460587,
3,260819,mixed,MIXED,CNN_RNND,4813,0.4687393940985203,0.37454861775040627,0.09419078100472689,
3,260819,mixed,MIXED,CNN_RNND,4814,0.42609112709760666,0.3479973189532757,0.07809381512925029,
3,260819,mixed,MIXED,CNN_RNND,4815,0.46248921751976013,0.37017473578453064,0.09231447381898761,
3,260819,mixed,MIXED,CNN_RNND,4816,0.5623849257826805,0.4416130483150482,0.12077188678085804,
3,260819,mixed,MIXED,CNN_RNND,4817,0.35786018520593643,0.2996870242059231,0.058173161931335926,
3,260819,mixed,MIXED,CNN_RNND,4818,0.506198488175869,0.40606843680143356,0.10013005416840315,
3,260819,mixed,MIXED,CNN_RNND,4819,0.4248558133840561,0.3434094749391079,0.0814463347196579,
3,260819,mixed,MIXED,CNN_RNND,4820,0.2684939503669739,0.22970524802803993,0.03878870524931699,
3,260819,mixed,MIXED,CNN_RNND,4821,0.5650423839688301,0.44002311676740646,0.12501925975084305,
3,260819,mixed,MIXED,CNN_RNND,4822,0.42279595881700516,0.34686149656772614,0.0759344594553113,
3,260819,mixed,MIXED,CNN_RNND,4823,0.33846523612737656,0.2824034169316292,0.056061829905956984,
3,260819,mixed,MIXED,CNN_RNND,4824,0.30209801346063614,0.2528965398669243,0.04920147266238928,
3,260819,mixed,MIXED,CNN_RNND,4825,0.27394794672727585,0.2339317426085472,0.04001620691269636,
3,260819,mixed,MIXED,CNN_RNND,4826,0.4413234069943428,0.3566823713481426,0.08464103564620018,
3,260819,mixed,MIXED,CNN_RNND,4827,0.5218142345547676,0.4195360168814659,0.10227821115404367,
3,260819,mixed,MIXED,CNN_RNND,4828,0.42570314928889275,0.34640709683299065,0.0792960471007973,
3,260819,mixed,MIXED,CNN_RNND,4829,0.36641567945480347,0.295449111610651,0.07096657529473305,
3,260819,mixed,MIXED,CNN_RNND,4830,0.4419133849442005,0.3483691345900297,0.09354425210040063,
3,260819,mixed,MIXED,CNN_RNND,4831,0.3896573930978775,0.3188609629869461,0.07079643849283457,
3,260819,mixed,MIXED,CNN_RNND,4832,0.4318598732352257,0.3518681265413761,0.07999175996519625,
3,260819,mixed,MIXED,CNN_RNND,4833,0.39486243948340416,0.3263706602156162,0.0684917839244008,
3,260819,mixed,MIXED,CNN_RNND,4834,0.4612555578351021,0.37226609140634537,0.08898947387933731,
3,260819,mixed,MIXED,CNN_RNND,4835,0.331272155046463,0.2757577504962683,0.05551439872942865,
3,260819,mixed,MIXED,CNN_RNND,4836,0.3502330295741558,0.29325129836797714,0.05698172748088837,
3,260819,mixed,MIXED,CNN_RNND,4837,0.43954024091362953,0.35382331907749176,0.0857169097289443,
3,260819,mixed,MIXED,CNN_RNND,4838,0.34511387161910534,0.2785063199698925,0.0666075439658016,
3,260819,mixed,MIXED,CNN_RNND,4839,0.5248965471982956,0.4165966287255287,0.10829991102218628,
3,260819,mixed,MIXED,CNN_RNND,4840,0.3916597552597523,0.32367775961756706,0.06798198726028204,
3,260819,mixed,MIXED,CNN_RNND,4841,0.43259987235069275,0.34870102256536484,0.08389883674681187,
3,260819,mixed,MIXED,CNN_RNND,4842,0.34557370096445084,0.28850651532411575,0.0570671814493835,
3,260819,mixed,MIXED,CNN_RNND,4843,0.5173372402787209,0.4090135917067528,0.10832364857196808,
3,260819,mixed,MIXED,CNN_RNND,4844,0.44403682835400105,0.36091600731015205,0.08312081592157483,
3,260819,mixed,MIXED,CNN_RNND,4845,0.4342563599348068,0.35134026408195496,0.08291609957814217,
3,260819,mixed,MIXED,CNN_RNND,4846,0.2604302242398262,0.2224908284842968,0.037939395289868116,
3,260819,mixed,MIXED,CNN_RNND,4847,0.4921078309416771,0.38822199404239655,0.10388582851737738,
3,260819,mixed,MIXED,CNN_RNND,4848,0.5988146141171455,0.4698486775159836,0.12896593287587166,
3,260819,mixed,MIXED,CNN_RNND,4849,0.3628774620592594,0.2929489202797413,0.06992854014970362,
3,260819,mixed,MIXED,CNN_RNND,4850,0.43761275708675385,0.3504980318248272,0.08711472060531378,
3,260819,mixed,MIXED,CNN_RNND,4851,0.5393845736980438,0.4356480911374092,0.10373647511005402,
3,260819,mixed,MIXED,CNN_RNND,4852,0.3088745065033436,0.2548047825694084,0.05406972346827388,
3,260819,mixed,MIXED,CNN_RNND,4853,0.32737166061997414,0.2741222158074379,0.05324943701270968,
3,260819,mixed,MIXED,CNN_RNND,4854,0.5023286268115044,0.3997824639081955,0.10254616476595402,
3,260819,mixed,MIXED,CNN_RNND,4855,0.46505439653992653,0.37567880749702454,0.08937558438628912,
3,260819,mixed,MIXED,CNN_RNND,4856,0.3750288300216198,0.30756769701838493,0.06746113719418645,
3,260819,mixed,MIXED,CNN_RNND,4857,0.2590761221945286,0.22169863432645798,0.0373774915933609,
3,260819,mixed,MIXED,CNN_RNND,4858,0.4621683619916439,0.3682660833001137,0.0939022833481431,
3,260819,mixed,MIXED,CNN_RNND,4859,0.3198474757373333,0.26745883375406265,0.05238864850252867,
3,260819,mixed,MIXED,CNN_RNND,4860,0.5202558040618896,0.41290514171123505,0.10735066793859005,
3,260819,mixed,MIXED,CNN_RNND,4861,0.37716639786958694,0.3149174526333809,0.06224893964827061,
3,260819,mixed,MIXED,CNN_RNND,4862,0.3595251590013504,0.2981943003833294,0.06133084651082754,
3,260819,mixed,MIXED,CNN_RNND,4863,0.4365619719028473,0.3496868684887886,0.08687510993331671,
3,260819,mixed,MIXED,CNN_RNND,4864,0.257196431979537,0.21732300333678722,0.03987343015614897,
3,260819,mixed,MIXED,CNN_RNND,4865,0.39854155853390694,0.327257614582777,0.07128394115716219,
3,260819,mixed,MIXED,CNN_RNND,4866,0.2556770630180836,0.21619624644517899,0.03948081657290459,
3,260819,mixed,MIXED,CNN_RNND,4867,0.4333334304392338,0.3493761122226715,0.08395733218640089,
3,260819,mixed,MIXED,CNN_RNND,4868,0.5076963752508163,0.4084407836198807,0.09925558790564537,
3,260819,mixed,MIXED,CNN_RNND,4869,0.4883071891963482,0.38617685064673424,0.1021303228335455,
3,260819,mixed,MIXED,CNN_RNND,4870,0.4095217175781727,0.3331429660320282,0.07637874316424131,
3,260819,mixed,MIXED,CNN_RNND,4871,0.41597529128193855,0.3343299999833107,0.08164528477936983,
3,260819,mixed,MIXED,CNN_RNND,4872,0.47400643303990364,0.38637585937976837,0.08763058576732874,
3,260819,mixed,MIXED,CNN_RNND,4873,0.41759130358695984,0.3409468084573746,0.07664449396543205,
3,260819,mixed,MIXED,CNN_RNND,4874,0.42317555099725723,0.34008485078811646,0.08309070765972137,
3,260819,mixed,MIXED,CNN_RNND,4875,0.30806246772408485,0.25347268395125866,0.054589780047535896,
3,260819,mixed,MIXED,CNN_RNND,4876,0.34815942496061325,0.2820156700909138,0.06614374741911888,
3,260819,mixed,MIXED,CNN_RNND,4877,0.3156867232173681,0.25982444919645786,0.05586227212916128,
3,260819,mixed,MIXED,CNN_RNND,4878,0.49527961015701294,0.39319969713687897,0.10207991441711783,
3,260819,mixed,MIXED,CNN_RNND,4879,0.3968514949083328,0.32762236148118973,0.06922913528978825,
3,260819,mixed,MIXED,CNN_RNND,4880,0.4068025276064873,0.33414486795663834,0.07265766803175211,
3,260819,mixed,MIXED,CNN_RNND,4881,0.5158283412456512,0.4169132672250271,0.09891509264707565,
3,260819,mixed,MIXED,CNN_RNND,4882,0.3526730239391327,0.2944157347083092,0.05825729016214609,
3,260819,mixed,MIXED,CNN_RNND,4883,0.4683484211564064,0.3725955858826637,0.09575282968580723,
3,260819,mixed,MIXED,CNN_RNND,4884,0.4746507927775383,0.3731190115213394,0.10153178963810205,
3,260819,mixed,MIXED,CNN_RNND,4885,0.4294367581605911,0.34109290689229965,0.08834385895170271,
3,260819,mixed,MIXED,CNN_RNND,4886,0.29261984676122665,0.24662305042147636,0.04599679331295192,
3,260819,mixed,MIXED,CNN_RNND,4887,0.4692554660141468,0.37622983753681183,0.09302562056109309,
3,260819,mixed,MIXED,CNN_RNND,4888,0.20152460783720016,0.17355741932988167,0.027967189089395106,
3,260819,mixed,MIXED,CNN_RNND,4889,0.4720709100365639,0.37635570392012596,0.09571519680321217,
3,260819,mixed,MIXED,CNN_RNND,4890,0.24565095826983452,0.2121710628271103,0.033479894016636536,
3,260819,mixed,MIXED,CNN_RNND,4891,0.43670378625392914,0.3439896237105131,0.09271416312549263,
3,260819,mixed,MIXED,CNN_RNND,4892,0.49486271664500237,0.39245666190981865,0.10240606346633285,
3,260819,mixed,MIXED,CNN_RNND,4893,0.42978402227163315,0.34041048027575016,0.08937354711815715,
3,260819,mixed,MIXED,CNN_RNND,4894,0.4805303066968918,0.39178190380334854,0.08874840196222067,
3,260819,mixed,MIXED,CNN_RNND,4895,0.3338909391313791,0.2664843387901783,0.067406600312097,
3,260819,mixed,MIXED,CNN_RNND,4896,0.46735282242298126,0.37234456092119217,0.09500825591385365,
3,260819,mixed,MIXED,CNN_RNND,4897,0.4760421961545944,0.3764835149049759,0.09955867379903793,
3,260819,mixed,MIXED,CNN_RNND,4898,0.4551355130970478,0.3571433871984482,0.0979921268299222,
3,260819,mixed,MIXED,CNN_RNND,4899,0.22833468578755856,0.19590352848172188,0.032431155210360885,
3,260819,mixed,MIXED,CNN_RNND,4900,0.3564128987491131,0.29810648411512375,0.05830642697401345,
3,260819,mixed,MIXED,CNN_RNND,4901,0.4395846053957939,0.3586602881550789,0.08092430513352156,
3,260819,mixed,MIXED,CNN_RNND,4902,0.4396839737892151,0.34934471547603607,0.09033926203846931,
3,260819,mixed,MIXED,CNN_RNND,4903,0.39340924099087715,0.3224167451262474,0.07099249819293618,
3,260819,mixed,MIXED,CNN_RNND,4904,0.36691373586654663,0.2986148074269295,0.06829892471432686,
3,260819,mixed,MIXED,CNN_RNND,4905,0.4931989535689354,0.3943038806319237,0.09889507293701172,
3,260819,mixed,MIXED,CNN_RNND,4906,0.37072620540857315,0.30270500108599663,0.0680211903527379,
3,260819,mixed,MIXED,CNN_RNND,4907,0.3895413503050804,0.3232426941394806,0.06629865616559982,
3,260819,mixed,MIXED,CNN_RNND,4908,0.3424224704504013,0.27933921851217747,0.06308324611745775,
3,260819,mixed,MIXED,CNN_RNND,4909,0.27901099994778633,0.23750678077340126,0.04150422569364309,
3,260819,mixed,MIXED,CNN_RNND,4910,0.2931162938475609,0.2466834858059883,0.046432801289483905,
3,260819,mixed,MIXED,CNN_RNND,4911,0.6157229691743851,0.48801982402801514,0.12770314328372478,
3,260819,mixed,MIXED,CNN_RNND,4912,0.34564851969480515,0.28937286511063576,0.05627565342001617,
3,260819,mixed,MIXED,CNN_RNND,4913,0.3780611753463745,0.30835045874118805,0.06971072079613805,
3,260819,mixed,MIXED,CNN_RNND,4914,0.3520210236310959,0.2917186953127384,0.06030233018100262,
3,260819,mixed,MIXED,CNN_RNND,4915,0.3716512620449066,0.3145935367792845,0.05705772386863828,
3,260819,mixed,MIXED,CNN_RNND,4916,0.46313539519906044,0.3723086304962635,0.09082675259560347,
3,260819,mixed,MIXED,CNN_RNND,4917,0.36932970955967903,0.3076137863099575,0.06171592138707638,
3,260819,mixed,MIXED,CNN_RNND,4918,0.4225514195859432,0.34466705471277237,0.07788436254486442,
3,260819,mixed,MIXED,CNN_RNND,4919,0.42688702046871185,0.3493812158703804,0.07750581204891205,
3,260819,mixed,MIXED,CNN_RNND,4920,0.443790839985013,0.3572280630469322,0.08656278683338314,
3,260819,mixed,MIXED,CNN_RNND,4921,0.2886666767299175,0.24666139855980873,0.042005276307463646,
3,260819,mixed,MIXED,CNN_RNND,4922,0.45482588559389114,0.3636314496397972,0.09119444154202938,
3,260819,mixed,MIXED,CNN_RNND,4923,0.37784451618790627,0.3132302016019821,0.06461430410854518,
3,260819,mixed,MIXED,CNN_RNND,4924,0.36677005141973495,0.30110109597444534,0.06566896208096296,
3,260819,mixed,MIXED,CNN_RNND,4925,0.46980940736830235,0.37075239047408104,0.09905702102696523,
3,260819,mixed,MIXED,CNN_RNND,4926,0.2970139607787132,0.2464817576110363,0.05053220968693495,
3,260819,mixed,MIXED,CNN_RNND,4927,0.36463671922683716,0.3048868849873543,0.059749837033450603,
3,260819,mixed,MIXED,CNN_RNND,4928,0.524846401065588,0.41805609688162804,0.10679030744358897,
3,260819,mixed,MIXED,CNN_RNND,4929,0.4742472246289253,0.3822714164853096,0.09197581093758345,
3,260819,mixed,MIXED,CNN_RNND,4930,0.44668319821357727,0.36035313457250595,0.08633004780858755,
3,260819,mixed,MIXED,CNN_RNND,4931,0.36907582730054855,0.3055214211344719,0.06355440244078636,
3,260819,mixed,MIXED,CNN_RNND,4932,0.39472413435578346,0.3239084929227829,0.0708156325854361,
3,260819,mixed,MIXED,CNN_RNND,4933,0.3433001637458801,0.28337135538458824,0.05992881371639669,
3,260819,mixed,MIXED,CNN_RNND,4934,0.289671391248703,0.24307742714881897,0.04659396503120661,
3,260819,mixed,MIXED,CNN_RNND,4935,0.5089314132928848,0.40384308248758316,0.10508833546191454,
3,260819,mixed,MIXED,CNN_RNND,4936,0.49168191850185394,0.38662075996398926,0.10506116971373558,
3,260819,mixed,MIXED,CNN_RNND,4937,0.36330902948975563,0.30008604377508163,0.06322298711165786,
3,260819,mixed,MIXED,CNN_RNND,4938,0.5236467346549034,0.4233686625957489,0.10027807857841253,
3,260819,mixed,MIXED,CNN_RNND,4939,0.358884597197175,0.292201142758131,0.06668346165679395,
3,260819,mixed,MIXED,CNN_RNND,4940,0.4431668519973755,0.35990968346595764,0.08325716853141785,
3,260819,mixed,MIXED,CNN_RNND,4941,0.5103746429085732,0.402859628200531,0.10751502215862274,
3,260819,mixed,MIXED,CNN_RNND,4942,0.5208721682429314,0.41661377996206284,0.10425838641822338,
3,260819,mixed,MIXED,CNN_RNND,4943,0.35369402542710304,0.2890543304383755,0.0646396845113486,
3,260819,mixed,MIXED,CNN_RNND,4944,0.4404917061328888,0.3526751846075058,0.08781652897596359,
3,260819,mixed,MIXED,CNN_RNND,4945,0.5105432197451591,0.41186464577913284,0.09867857024073601,
3,260819,mixed,MIXED,CNN_RNND,4946,0.3421328589320183,0.2786097973585129,0.06352306809276342,
3,260819,mixed,MIXED,CNN_RNND,4947,0.43662913143634796,0.35387172549963,0.08275740593671799,
3,260819,mixed,MIXED,CNN_RNND,4948,0.4213733524084091,0.3422577604651451,0.07911559054628015,
3,260819,mixed,MIXED,CNN_RNND,4949,0.3961011916399002,0.3190704211592674,0.07703077234327793,
3,260819,mixed,MIXED,CNN_RNND,4950,0.3288256525993347,0.27670731768012047,0.0521183330565691,
3,260819,mixed,MIXED,CNN_RNND,4951,0.30747006833553314,0.259464580565691,0.04800548544153571,
3,260819,mixed,MIXED,CNN_RNND,4952,0.32373703829944134,0.26541448943316936,0.05832254252163693,
3,260819,mixed,MIXED,CNN_RNND,4953,0.36922480911016464,0.3041742369532585,0.06505057867616415,
3,260819,mixed,MIXED,CNN_RNND,4954,0.4209476187825203,0.34143921732902527,0.07950840331614017,
3,260819,mixed,MIXED,CNN_RNND,4955,0.5338947772979736,0.4245632067322731,0.10933156870305538,
3,260819,mixed,MIXED,CNN_RNND,4956,0.4571835771203041,0.3720369227230549,0.08514665719121695,
3,260819,mixed,MIXED,CNN_RNND,4957,0.43561876378953457,0.3532289396971464,0.08238981617614627,
3,260819,mixed,MIXED,CNN_RNND,4958,0.39996232837438583,0.3244709223508835,0.07549139554612339,
3,260819,mixed,MIXED,CNN_RNND,4959,0.4779276121407747,0.37489962205290794,0.10302800039062276,
3,260819,mixed,MIXED,CNN_RNND,4960,0.40079089999198914,0.32409099489450455,0.07669989857822657,
3,260819,mixed,MIXED,CNN_RNND,4961,0.4074439965188503,0.3317730501294136,0.07567094033583999,
3,260819,mixed,MIXED,CNN_RNND,4962,0.3690202198922634,0.302292887121439,0.06672733509913087,
3,260819,mixed,MIXED,CNN_RNND,4963,0.4427293986082077,0.35652141459286213,0.08620797784533352,
3,260819,mixed,MIXED,CNN_RNND,4964,0.4454442113637924,0.3693482279777527,0.07609597500413656,
3,260819,mixed,MIXED,CNN_RNND,4965,0.30507862754166126,0.2545771338045597,0.0505014976952225,
3,260819,mixed,MIXED,CNN_RNND,4966,0.40747441723942757,0.33151308447122574,0.07596132531762123,
3,260819,mixed,MIXED,CNN_RNND,4967,0.6578497290611267,0.5088558048009872,0.14899392426013947,
3,260819,mixed,MIXED,CNN_RNND,4968,0.32246508449316025,0.2714259773492813,0.051039114594459534,
3,260819,mixed,MIXED,CNN_RNND,4969,0.22858362272381783,0.20192760229110718,0.02665601810440421,
3,260819,mixed,MIXED,CNN_RNND,4970,0.43180742114782333,0.3504885286092758,0.08131888508796692,
3,260819,mixed,MIXED,CNN_RNND,4971,0.7554343938827515,0.5793784707784653,0.1760559342801571,
3,260819,mixed,MIXED,CNN_RNND,4972,0.3001633323729038,0.2516605444252491,0.048502787947654724,
3,260819,mixed,MIXED,CNN_RNND,4973,0.36008480936288834,0.2965630106627941,0.06352180987596512,
3,260819,mixed,MIXED,CNN_RNND,4974,0.28731314092874527,0.23536645993590355,0.05194667924661189,
3,260819,mixed,MIXED,CNN_RNND,4975,0.4226316548883915,0.34465881809592247,0.07797284098342061,
3,260819,mixed,MIXED,CNN_RNND,4976,0.39082831144332886,0.3118369095027447,0.0789914084598422,
3,260819,mixed,MIXED,CNN_RNND,4977,0.4514419138431549,0.3597700968384743,0.09167181327939034,
3,260819,mixed,MIXED,CNN_RNND,4978,0.2732587717473507,0.2325112223625183,0.040747549501247704,
3,260819,mixed,MIXED,CNN_RNND,4979,0.37523528188467026,0.304342869669199,0.0708924112841487,
3,260819,mixed,MIXED,CNN_RNND,4980,0.3125581741333008,0.26195725053548813,0.05060092592611909,
3,260819,mixed,MIXED,CNN_RNND,4981,0.5347179919481277,0.4206361696124077,0.11408181861042976,
3,260819,mixed,MIXED,CNN_RNND,4982,0.34131522849202156,0.2802313156425953,0.06108391843736172,
3,260819,mixed,MIXED,CNN_RNND,4983,0.5734914690256119,0.459569551050663,0.11392191797494888,
3,260819,mixed,MIXED,CNN_RNND,4984,0.3856753632426262,0.3151021972298622,0.07057317160069942,
3,260819,mixed,MIXED,CNN_RNND,4985,0.3238018751144409,0.27037832140922546,0.05342355649918318,
3,260819,mixed,MIXED,CNN_RNND,4986,0.46093859523534775,0.37312354147434235,0.08781505189836025,
3,260819,mixed,MIXED,CNN_RNND,4987,0.24810132943093777,0.21413271315395832,0.03396861715009436,
3,260819,mixed,MIXED,CNN_RNND,4988,0.3053898625075817,0.2557891085743904,0.04960076231509447,
3,260819,mixed,MIXED,CNN_RNND,4989,0.3896104544401169,0.32277632504701614,0.06683413218706846,
3,260819,mixed,MIXED,CNN_RNND,4990,0.46882494539022446,0.3851111978292465,0.08371375128626823,
3,260819,mixed,MIXED,CNN_RNND,4991,0.38490111380815506,0.31961340457201004,0.0652877101674676,
3,260819,mixed,MIXED,CNN_RNND,4992,0.32171473279595375,0.26605192199349403,0.05566281592473388,
3,260819,mixed,MIXED,CNN_RNND,4993,0.3977627754211426,0.31603023037314415,0.08173254271969199,
3,260819,mixed,MIXED,CNN_RNND,4994,0.3180338069796562,0.26714664325118065,0.05088716093450785,
3,260819,mixed,MIXED,CNN_RNND,4995,0.3362091360613704,0.26919613406062126,0.06701300331042148,
3,260819,mixed,MIXED,CNN_RNND,4996,0.4039448946714401,0.325831338763237,0.07811355590820312,
3,260819,mixed,MIXED,CNN_RNND,4997,0.3556040823459625,0.29141075164079666,0.06419332139194012,
3,260819,mixed,MIXED,CNN_RNND,4998,0.49549219012260437,0.39518773183226585,0.10030444758012891,
3,260819,mixed,MIXED,CNN_RNND,4999,0.38240301981568336,0.3058512806892395,0.07655173726379871,
3,260819,mixed,MIXED,CNN_RNND,5000,0.33472139574587345,0.28133491054177284,0.05338648712495342,-1.067781440405334
3,260819,mixed,MIXED,CNN_RNND,5001,0.4617953673005104,0.3735087066888809,0.08828666340559721,
3,260819,mixed,MIXED,CNN_RNND,5002,0.37370239198207855,0.30614788830280304,0.06755449902266264,
3,260819,mixed,MIXED,CNN_RNND,5003,0.43703173846006393,0.34888701885938644,0.08814472076483071,
3,260819,mixed,MIXED,CNN_RNND,5004,0.43434157967567444,0.35364830493927,0.08069326728582382,
3,260819,mixed,MIXED,CNN_RNND,5005,0.447722963988781,0.36389946565032005,0.08382349414750934,
3,260819,mixed,MIXED,CNN_RNND,5006,0.3918619826436043,0.316781148314476,0.07508083526045084,
3,260819,mixed,MIXED,CNN_RNND,5007,0.23635661974549294,0.2053621206432581,0.03099450282752514,
3,260819,mixed,MIXED,CNN_RNND,5008,0.3896741159260273,0.321285679936409,0.06838843715377152,
3,260819,mixed,MIXED,CNN_RNND,5009,0.2400402370840311,0.2020051833242178,0.03803505387622863,
3,260819,mixed,MIXED,CNN_RNND,5010,0.43238876573741436,0.3535487465560436,0.07884001941420138,
3,260819,mixed,MIXED,CNN_RNND,5011,0.29226772859692574,0.2465556114912033,0.04571211594156921,
3,260819,mixed,MIXED,CNN_RNND,5012,0.6448616981506348,0.5079061463475227,0.13695554621517658,
3,260819,mixed,MIXED,CNN_RNND,5013,0.31136153638362885,0.2616559602320194,0.04970557545311749,
3,260819,mixed,MIXED,CNN_RNND,5014,0.3193943612277508,0.2684360258281231,0.05095832981169224,
3,260819,mixed,MIXED,CNN_RNND,5015,0.4176448918879032,0.32905199378728867,0.08859289716929197,
3,260819,mixed,MIXED,CNN_RNND,5016,0.3933907300233841,0.3196142576634884,0.07377647096291184,
3,260819,mixed,MIXED,CNN_RNND,5017,0.629368606954813,0.49545637518167496,0.13391224760562181,
3,260819,mixed,MIXED,CNN_RNND,5018,0.4560030326247215,0.36540988832712173,0.09059313777834177,
3,260819,mixed,MIXED,CNN_RNND,5019,0.4228748455643654,0.34247804433107376,0.08039680309593678,
3,260819,mixed,MIXED,CNN_RNND,5020,0.47865916043519974,0.38431406766176224,0.09434509091079235,
3,260819,mixed,MIXED,CNN_RNND,5021,0.3368033580482006,0.27371934428811073,0.06308401236310601,
3,260819,mixed,MIXED,CNN_RNND,5022,0.325152400881052,0.26833587884902954,0.05681651970371604,
3,260819,mixed,MIXED,CNN_RNND,5023,0.38248010724782944,0.31365523487329483,0.06882487796247005,
3,260819,mixed,MIXED,CNN_RNND,5024,0.23204627633094788,0.19624469429254532,0.03580158273689449,
3,260819,mixed,MIXED,CNN_RNND,5025,0.42046354338526726,0.3400026708841324,0.08046088297851384,
3,260819,mixed,MIXED,CNN_RNND,5026,0.3171056918799877,0.26180452667176723,0.05530116654699668,
3,260819,mixed,MIXED,CNN_RNND,5027,0.4102428499609232,0.3299935534596443,0.08024929114617407,
3,260819,mixed,MIXED,CNN_RNND,5028,0.5222406536340714,0.41161564737558365,0.110625009983778,
3,260819,mixed,MIXED,CNN_RNND,5029,0.33518463745713234,0.2806456834077835,0.05453895404934883,
3,260819,mixed,MIXED,CNN_RNND,5030,0.33850520476698875,0.2760938201099634,0.062411376275122166,
3,260819,mixed,MIXED,CNN_RNND,5031,0.26969427429139614,0.2277618907392025,0.04193238151492551,
3,260819,mixed,MIXED,CNN_RNND,5032,0.30029913783073425,0.24511807411909103,0.05518105695955455,
3,260819,mixed,MIXED,CNN_RNND,5033,0.35870654322206974,0.2890568282455206,0.06964972498826683,
3,260819,mixed,MIXED,CNN_RNND,5034,0.4129203259944916,0.33181818574666977,0.0811021444387734,
3,260819,mixed,MIXED,CNN_RNND,5035,0.4077887758612633,0.3327687159180641,0.07502005062997341,
3,260819,mixed,MIXED,CNN_RNND,5036,0.25183202885091305,0.21641906537115574,0.03541296115145087,
3,260819,mixed,MIXED,CNN_RNND,5037,0.3830381743609905,0.31451307609677315,0.06852510198950768,
3,260819,mixed,MIXED,CNN_RNND,5038,0.4248165413737297,0.3450789377093315,0.07973759854212403,
3,260819,mixed,MIXED,CNN_RNND,5039,0.4002302661538124,0.33208902180194855,0.06814123503863811,
3,260819,mixed,MIXED,CNN_RNND,5040,0.346165269613266,0.2849625740200281,0.06120269250823185,
3,260819,mixed,MIXED,CNN_RNND,5041,0.5290296375751495,0.4131673462688923,0.11586228339001536,
3,260819,mixed,MIXED,CNN_RNND,5042,0.47040923684835434,0.36906883120536804,0.10134040843695402,
3,260819,mixed,MIXED,CNN_RNND,5043,0.4199001155793667,0.33213964104652405,0.08776047499850392,
3,260819,mixed,MIXED,CNN_RNND,5044,0.33652137219905853,0.27578712813556194,0.060734245111234486,
3,260819,mixed,MIXED,CNN_RNND,5045,0.3671611472964287,0.2989428862929344,0.06821827031672001,
3,260819,mixed,MIXED,CNN_RNND,5046,0.5905797779560089,0.46345191448926926,0.12712785601615906,
3,260819,mixed,MIXED,CNN_RNND,5047,0.2846000976860523,0.23296046257019043,0.05163963790982962,
3,260819,mixed,MIXED,CNN_RNND,5048,0.3461948335170746,0.2860674187541008,0.06012741196900606,
3,260819,mixed,MIXED,CNN_RNND,5049,0.4894118905067444,0.39856791496276855,0.09084397181868553,
3,260819,mixed,MIXED,CNN_RNND,5050,0.3488129824399948,0.28931674361228943,0.059496235102415085,
3,260819,mixed,MIXED,CNN_RNND,5051,0.3340630605816841,0.27649564668536186,0.05756740737706423,
3,260819,mixed,MIXED,CNN_RNND,5052,0.3615590389817953,0.3007897809147835,0.060769247938878834,
3,260819,mixed,MIXED,CNN_RNND,5053,0.2335728257894516,0.2035890333354473,0.02998379315249622,
3,260819,mixed,MIXED,CNN_RNND,5054,0.3926181010901928,0.32140525057911873,0.07121284259483218,
3,260819,mixed,MIXED,CNN_RNND,5055,0.4304410293698311,0.35109296441078186,0.07934805750846863,
3,260819,mixed,MIXED,CNN_RNND,5056,0.3720147870481014,0.31159012764692307,0.060424653347581625,
3,260819,mixed,MIXED,CNN_RNND,5057,0.3755028434097767,0.31706147640943527,0.05844136653468013,
3,260819,mixed,MIXED,CNN_RNND,5058,0.42409398034214973,0.34161502309143543,0.08247896400280297,
3,260819,mixed,MIXED,CNN_RNND,5059,0.2730802558362484,0.2299804873764515,0.04309976543299854,
3,260819,mixed,MIXED,CNN_RNND,5060,0.3684367462992668,0.3013736829161644,0.06706305500119925,
3,260819,mixed,MIXED,CNN_RNND,5061,0.42387712001800537,0.3476051315665245,0.07627197727560997,
3,260819,mixed,MIXED,CNN_RNND,5062,0.36969833821058273,0.3058023750782013,0.06389596499502659,
3,260819,mixed,MIXED,CNN_RNND,5063,0.3430636525154114,0.27986767888069153,0.06319597084075212,
3,260819,mixed,MIXED,CNN_RNND,5064,0.4444419592618942,0.3584734722971916,0.08596848882734776,
3,260819,mixed,MIXED,CNN_RNND,5065,0.3794286362826824,0.3147718608379364,0.0646567726507783,
3,260819,mixed,MIXED,CNN_RNND,5066,0.45845983922481537,0.36791684478521347,0.0905429907143116,
3,260819,mixed,MIXED,CNN_RNND,5067,0.45356059819459915,0.3666052147746086,0.08695538248866796,
3,260819,mixed,MIXED,CNN_RNND,5068,0.39360305294394493,0.3183320704847574,0.07527099607978016,
3,260819,mixed,MIXED,CNN_RNND,5069,0.25794173777103424,0.22374187782406807,0.03419986041262746,
3,260819,mixed,MIXED,CNN_RNND,5070,0.5142614990472794,0.4100155234336853,0.10424598678946495,
3,260819,mixed,MIXED,CNN_RNND,5071,0.2939038351178169,0.24730979651212692,0.04659403953701258,
3,260819,mixed,MIXED,CNN_RNND,5072,0.5599320530891418,0.44170156493782997,0.11823048628866673,
3,260819,mixed,MIXED,CNN_RNND,5073,0.48885711282491684,0.3932144492864609,0.09564266446977854,
3,260819,mixed,MIXED,CNN_RNND,5074,0.4377644509077072,0.3567459136247635,0.08101854892447591,
3,260819,mixed,MIXED,CNN_RNND,5075,0.6210523396730423,0.49081041663885117,0.13024192303419113,
3,260819,mixed,MIXED,CNN_RNND,5076,0.42740917205810547,0.3446848839521408,0.08272428810596466,
3,260819,mixed,MIXED,CNN_RNND,5077,0.3086159713566303,0.2618431933224201,0.046772778732702136,
3,260819,mixed,MIXED,CNN_RNND,5078,0.4129064008593559,0.33811695873737335,0.07478943467140198,
3,260819,mixed,MIXED,CNN_RNND,5079,0.5733621045947075,0.4494812935590744,0.12388081289827824,
3,260819,mixed,MIXED,CNN_RNND,5080,0.49469317495822906,0.3951728418469429,0.09952033404260874,
3,260819,mixed,MIXED,CNN_RNND,5081,0.41946335695683956,0.3367277942597866,0.0827355666551739,
3,260819,mixed,MIXED,CNN_RNND,5082,0.40211639553308487,0.32613061740994453,0.07598578464239836,
3,260819,mixed,MIXED,CNN_RNND,5083,0.36935991048812866,0.30434735491871834,0.0650125490501523,
3,260819,mixed,MIXED,CNN_RNND,5084,0.5046172589063644,0.39993828535079956,0.10467896796762943,
3,260819,mixed,MIXED,CNN_RNND,5085,0.48995769023895264,0.3917042389512062,0.09825345687568188,
3,260819,mixed,MIXED,CNN_RNND,5086,0.5015442371368408,0.39103931933641434,0.11050490476191044,
3,260819,mixed,MIXED,CNN_RNND,5087,0.5747072324156761,0.4505612477660179,0.12414597906172276,
3,260819,mixed,MIXED,CNN_RNND,5088,0.27112023159861565,0.22588934376835823,0.045230884570628405,
3,260819,mixed,MIXED,CNN_RNND,5089,0.29232669435441494,0.2465495653450489,0.04577712679747492,
3,260819,mixed,MIXED,CNN_RNND,5090,0.5407287329435349,0.4275134727358818,0.1132152657955885,
3,260819,mixed,MIXED,CNN_RNND,5091,0.5716834589838982,0.4519044905900955,0.11977897025644779,
3,260819,mixed,MIXED,CNN_RNND,5092,0.2715650647878647,0.2376268394291401,0.0339382269885391,
3,260819,mixed,MIXED,CNN_RNND,5093,0.258540254086256,0.22354870289564133,0.03499154932796955,
3,260819,mixed,MIXED,CNN_RNND,5094,0.4502180628478527,0.3719983920454979,0.07821967406198382,
3,260819,mixed,MIXED,CNN_RNND,5095,0.283315047621727,0.23697121068835258,0.04634384054224938,
3,260819,mixed,MIXED,CNN_RNND,5096,0.40154383331537247,0.3211991935968399,0.08034464158117771,
3,260819,mixed,MIXED,CNN_RNND,5097,0.4343126192688942,0.3562648892402649,0.07804772816598415,
3,260819,mixed,MIXED,CNN_RNND,5098,0.4114782214164734,0.3362698182463646,0.0752084001142066,
3,260819,mixed,MIXED,CNN_RNND,5099,0.451269768178463,0.36399969458580017,0.08727008104324341,
3,260819,mixed,MIXED,CNN_RNND,5100,0.40269726514816284,0.33316271752119064,0.06953454483300447,
3,260819,mixed,MIXED,CNN_RNND,5101,0.2732820063829422,0.22936463728547096,0.043917360744671896,
3,260819,mixed,MIXED,CNN_RNND,5102,0.26996493339538574,0.22462580725550652,0.04533911822363734,
3,260819,mixed,MIXED,CNN_RNND,5103,0.5086729228496552,0.39949116483330727,0.10918176081031561,
3,260819,mixed,MIXED,CNN_RNND,5104,0.3695790767669678,0.30584754049777985,0.06373152416199446,
3,260819,mixed,MIXED,CNN_RNND,5105,0.29715991765260696,0.25093062222003937,0.046229292172938585,
3,260819,mixed,MIXED,CNN_RNND,5106,0.36680324748158455,0.30717580765485764,0.0596274477429688,
3,260819,mixed,MIXED,CNN_RNND,5107,0.49632892198860645,0.3913249969482422,0.10500393167603761,
3,260819,mixed,MIXED,CNN_RNND,5108,0.4795777779072523,0.38399212807416916,0.09558565652696416,
3,260819,mixed,MIXED,CNN_RNND,5109,0.49815960228443146,0.4051663875579834,0.09299322124570608,
3,260819,mixed,MIXED,CNN_RNND,5110,0.3794947639107704,0.3133119195699692,0.06618283595889807,
3,260819,mixed,MIXED,CNN_RNND,5111,0.38016191124916077,0.31309875287115574,0.06706315779592842,
3,260819,mixed,MIXED,CNN_RNND,5112,0.3098483979701996,0.2619285248219967,0.04791987268254161,
3,260819,mixed,MIXED,CNN_RNND,5113,0.3088900577276945,0.25725830160081387,0.05163175007328391,
3,260819,mixed,MIXED,CNN_RNND,5114,0.46841686218976974,0.37349697947502136,0.09491987340152264,
3,260819,mixed,MIXED,CNN_RNND,5115,0.30632337741553783,0.2575259618461132,0.04879742010962218,
3,260819,mixed,MIXED,CNN_RNND,5116,0.60378048568964,0.47760196775197983,0.12617850676178932,
3,260819,mixed,MIXED,CNN_RNND,5117,0.5664712190628052,0.4488586485385895,0.1176125630736351,
3,260819,mixed,MIXED,CNN_RNND,5118,0.24022376909852028,0.20415896736085415,0.03606479521840811,
3,260819,mixed,MIXED,CNN_RNND,5119,0.3846687562763691,0.31866104900836945,0.0660077091306448,
3,260819,mixed,MIXED,CNN_RNND,5120,0.36937089264392853,0.30494599416852,0.064424904063344,
3,260819,mixed,MIXED,CNN_RNND,5121,0.30540966987609863,0.2564019411802292,0.0490077268332243,
3,260819,mixed,MIXED,CNN_RNND,5122,0.33613158017396927,0.2768225073814392,0.05930906813591719,
3,260819,mixed,MIXED,CNN_RNND,5123,0.36749910563230515,0.3010210692882538,0.06647803634405136,
3,260819,mixed,MIXED,CNN_RNND,5124,0.41754237562417984,0.3389447405934334,0.07859763968735933,
3,260819,mixed,MIXED,CNN_RNND,5125,0.41287698596715927,0.33767353743314743,0.07520344387739897,
3,260819,mixed,MIXED,CNN_RNND,5126,0.4381537064909935,0.3596301507204771,0.07852354645729065,
3,260819,mixed,MIXED,CNN_RNND,5127,0.6519926190376282,0.5060730054974556,0.14591960422694683,
3,260819,mixed,MIXED,CNN_RNND,5128,0.5827571004629135,0.4574299678206444,0.1253271270543337,
3,260819,mixed,MIXED,CNN_RNND,5129,0.291424959897995,0.24233342707157135,0.049091534689068794,
3,260819,mixed,MIXED,CNN_RNND,5130,0.4978492483496666,0.3968065343797207,0.10104271117597818,
3,260819,mixed,MIXED,CNN_RNND,5131,0.3848791718482971,0.3153347484767437,0.06954442360438406,
3,260819,mixed,MIXED,CNN_RNND,5132,0.38368116691708565,0.31342026963829994,0.07026089169085026,
3,260819,mixed,MIXED,CNN_RNND,5133,0.4429623372852802,0.36120398342609406,0.08175835711881518,
3,260819,mixed,MIXED,CNN_RNND,5134,0.4845275282859802,0.39227505400776863,0.09225248079746962,
3,260819,mixed,MIXED,CNN_RNND,5135,0.21411661617457867,0.18543848395347595,0.028678128379397094,
3,260819,mixed,MIXED,CNN_RNND,5136,0.367660578340292,0.29693517088890076,0.07072541117668152,
3,260819,mixed,MIXED,CNN_RNND,5137,0.4334453418850899,0.35497577488422394,0.07846956420689821,
3,260819,mixed,MIXED,CNN_RNND,5138,0.33385889045894146,0.2696857750415802,0.06417311378754675,
3,260819,mixed,MIXED,CNN_RNND,5139,0.4564128741621971,0.3733322359621525,0.08308063074946404,
3,260819,mixed,MIXED,CNN_RNND,5140,0.30020520091056824,0.2555958405137062,0.04460935899987817,
3,260819,mixed,MIXED,CNN_RNND,5141,0.341785678640008,0.281745245680213,0.060040430165827274,
3,260819,mixed,MIXED,CNN_RNND,5142,0.27490253932774067,0.23311782255768776,0.0417847199132666,
3,260819,mixed,MIXED,CNN_RNND,5143,0.36655746027827263,0.30219996720552444,0.06435748748481274,
3,260819,mixed,MIXED,CNN_RNND,5144,0.36284695751965046,0.28845083341002464,0.0743961390980985,
3,260819,mixed,MIXED,CNN_RNND,5145,0.4288988336920738,0.348698727786541,0.08020010218024254,
3,260819,mixed,MIXED,CNN_RNND,5146,0.495416097342968,0.3987644240260124,0.09665167611092329,
3,260819,mixed,MIXED,CNN_RNND,5147,0.3124748393893242,0.26071278005838394,0.05176206398755312,
3,260819,mixed,MIXED,CNN_RNND,5148,0.4476742669939995,0.3607209846377373,0.08695328328758478,
3,260819,mixed,MIXED,CNN_RNND,5149,0.41977526620030403,0.3423047438263893,0.07747052423655987,
3,260819,mixed,MIXED,CNN_RNND,5150,0.4397191945463419,0.3551237378269434,0.08459546649828553,
3,260819,mixed,MIXED,CNN_RNND,5151,0.3741465322673321,0.3099338561296463,0.06421267986297607,
3,260819,mixed,MIXED,CNN_RNND,5152,0.24289599433541298,0.2105301283299923,0.03236586693674326,
3,260819,mixed,MIXED,CNN_RNND,5153,0.40043286979198456,0.3245859518647194,0.07584692444652319,
3,260819,mixed,MIXED,CNN_RNND,5154,0.41732070222496986,0.338065717369318,0.07925499277189374,
3,260819,mixed,MIXED,CNN_RNND,5155,0.16285133734345436,0.14663265272974968,0.016218686068896204,
3,260819,mixed,MIXED,CNN_RNND,5156,0.5669848918914795,0.45155777782201767,0.11542711406946182,
3,260819,mixed,MIXED,CNN_RNND,5157,0.41339102387428284,0.337345901876688,0.0760451196692884,
3,260819,mixed,MIXED,CNN_RNND,5158,0.43022437393665314,0.3469608202576637,0.08326354622840881,
3,260819,mixed,MIXED,CNN_RNND,5159,0.24541452899575233,0.21251175925135612,0.03290277859196067,
3,260819,mixed,MIXED,CNN_RNND,5160,0.31644827127456665,0.26601970568299294,0.05042856791988015,
3,260819,mixed,MIXED,CNN_RNND,5161,0.3393308259546757,0.28667856752872467,0.05265225190669298,
3,260819,mixed,MIXED,CNN_RNND,5162,0.350767370313406,0.28616200760006905,0.06460536667145789,
3,260819,mixed,MIXED,CNN_RNND,5163,0.30846694111824036,0.25163308158516884,0.05683385208249092,
3,260819,mixed,MIXED,CNN_RNND,5164,0.5561246126890182,0.4465559124946594,0.10956868715584278,
3,260819,mixed,MIXED,CNN_RNND,5165,0.42796166241168976,0.34477313607931137,0.08318852167576551,
3,260819,mixed,MIXED,CNN_RNND,5166,0.30480206944048405,0.2533841170370579,0.05141795217059553,
3,260819,mixed,MIXED,CNN_RNND,5167,0.2793238591402769,0.23148079589009285,0.047843060980085284,
3,260819,mixed,MIXED,CNN_RNND,5168,0.4790853336453438,0.3865925595164299,0.09249276388436556,
3,260819,mixed,MIXED,CNN_RNND,5169,0.4377157650887966,0.35828108713030815,0.07943468354642391,
3,260819,mixed,MIXED,CNN_RNND,5170,0.3928089961409569,0.3260839655995369,0.0667250300757587,
3,260819,mixed,MIXED,CNN_RNND,5171,0.3796980381011963,0.3131645768880844,0.06653346121311188,
3,260819,mixed,MIXED,CNN_RNND,5172,0.42654823884367943,0.34518636018037796,0.08136188331991434,
3,260819,mixed,MIXED,CNN_RNND,5173,0.2860827799886465,0.23828590102493763,0.04779687791597098,
3,260819,mixed,MIXED,CNN_RNND,5174,0.36972270905971527,0.3005199506878853,0.06920276861637831,
3,260819,mixed,MIXED,CNN_RNND,5175,0.4947909340262413,0.39107072725892067,0.10372020397335291,
3,260819,mixed,MIXED,CNN_RNND,5176,0.5914279073476791,0.4636975973844528,0.12773031275719404,
3,260819,mixed,MIXED,CNN_RNND,5177,0.3578265495598316,0.2943885028362274,0.06343805091455579,
3,260819,mixed,MIXED,CNN_RNND,5178,0.48545799776911736,0.38826705515384674,0.09719094168394804,
3,260819,mixed,MIXED,CNN_RNND,5179,0.36653367057442665,0.2982129231095314,0.06832075025886297,
3,260819,mixed,MIXED,CNN_RNND,5180,0.5143313482403755,0.41217759996652603,0.10215374082326889,
3,260819,mixed,MIXED,CNN_RNND,5181,0.5365618541836739,0.4306558147072792,0.10590602271258831,
3,260819,mixed,MIXED,CNN_RNND,5182,0.34881844371557236,0.29290035367012024,0.05591809004545212,
3,260819,mixed,MIXED,CNN_RNND,5183,0.4733198545873165,0.37805575877428055,0.09526409953832626,
3,260819,mixed,MIXED,CNN_RNND,5184,0.24952971935272217,0.21790467202663422,0.03162504511419684,
3,260819,mixed,MIXED,CNN_RNND,5185,0.4200109541416168,0.34123586118221283,0.07877509295940399,
3,260819,mixed,MIXED,CNN_RNND,5186,0.5242668502032757,0.421189084649086,0.10307775158435106,
3,260819,mixed,MIXED,CNN_RNND,5187,0.5403855815529823,0.4358581304550171,0.10452745482325554,
3,260819,mixed,MIXED,CNN_RNND,5188,0.3702465873211622,0.29788877069950104,0.07235782215138897,
3,260819,mixed,MIXED,CNN_RNND,5189,0.32077797688543797,0.26554473116993904,0.05523324050591327,
3,260819,mixed,MIXED,CNN_RNND,5190,0.24906093813478947,0.21043317019939423,0.03862777212634683,
3,260819,mixed,MIXED,CNN_RNND,5191,0.46967601031064987,0.37906405702233315,0.09061196260154247,
3,260819,mixed,MIXED,CNN_RNND,5192,0.42830371856689453,0.3444562554359436,0.08384746126830578,
3,260819,mixed,MIXED,CNN_RNND,5193,0.4803254045546055,0.38149532303214073,0.09883007872849703,
3,260819,mixed,MIXED,CNN_RNND,5194,0.3498692214488983,0.284993976354599,0.06487524881958961,
3,260819,mixed,MIXED,CNN_RNND,5195,0.34186213091015816,0.2866954058408737,0.05516671994701028,
3,260819,mixed,MIXED,CNN_RNND,5196,0.2976625207811594,0.252517007291317,0.04514551488682628,
3,260819,mixed,MIXED,CNN_RNND,5197,0.42724642902612686,0.3396080657839775,0.08763834601268172,
3,260819,mixed,MIXED,CNN_RNND,5198,0.32189226150512695,0.26467833295464516,0.05721393137355335,
3,260819,mixed,MIXED,CNN_RNND,5199,0.48944447189569473,0.39686058461666107,0.09258388355374336,
3,260819,mixed,MIXED,CNN_RNND,5200,0.4737183675169945,0.384987436234951,0.08873093128204346,-1.0805745319301214
3,260819,mixed,MIXED,CNN_RNND,5201,0.5999589785933495,0.4710329994559288,0.1289259810000658,
3,260819,mixed,MIXED,CNN_RNND,5202,0.5647982880473137,0.4490211084485054,0.11577719077467918,
3,260819,mixed,MIXED,CNN_RNND,5203,0.38403137773275375,0.3138055317103863,0.07022584544029087,
3,260819,mixed,MIXED,CNN_RNND,5204,0.3507623039186001,0.2928441893309355,0.057918113423511386,
3,260819,mixed,MIXED,CNN_RNND,5205,0.36975364200770855,0.30289966985583305,0.06685397296678275,
3,260819,mixed,MIXED,CNN_RNND,5206,0.34310511127114296,0.2756551168859005,0.06745000067166984,
3,260819,mixed,MIXED,CNN_RNND,5207,0.4128931239247322,0.33512547612190247,0.07776766270399094,
3,260819,mixed,MIXED,CNN_RNND,5208,0.4250130131840706,0.34509336948394775,0.07991963718086481,
3,260819,mixed,MIXED,CNN_RNND,5209,0.5708158016204834,0.45247673243284225,0.11833905428647995,
3,260819,mixed,MIXED,CNN_RNND,5210,0.4689164534211159,0.3733530044555664,0.09556345175951719,
3,260819,mixed,MIXED,CNN_RNND,5211,0.28412722051143646,0.23981192335486412,0.04431530268630013,
3,260819,mixed,MIXED,CNN_RNND,5212,0.3856300190091133,0.311686247587204,0.07394378026947379,
3,260819,mixed,MIXED,CNN_RNND,5213,0.5066353939473629,0.40549663454294205,0.1011387575417757,
3,260819,mixed,MIXED,CNN_RNND,5214,0.46102843433618546,0.3720163032412529,0.0890121292322874,
3,260819,mixed,MIXED,CNN_RNND,5215,0.5308389849960804,0.420227836817503,0.11061114678159356,
3,260819,mixed,MIXED,CNN_RNND,5216,0.37421221286058426,0.3088318146765232,0.06538040516898036,
3,260819,mixed,MIXED,CNN_RNND,5217,0.3955910727381706,0.31839239969849586,0.07719868421554565,
3,260819,mixed,MIXED,CNN_RNND,5218,0.35152290761470795,0.2930678017437458,0.058455104008316994,
3,260819,mixed,MIXED,CNN_RNND,5219,0.4073917269706726,0.33550164103507996,0.07189007848501205,
3,260819,mixed,MIXED,CNN_RNND,5220,0.40657045505940914,0.33022242598235607,0.07634802139364183,
3,260819,mixed,MIXED,CNN_RNND,5221,0.34464193135499954,0.2853763997554779,0.059265524439979345,
3,260819,mixed,MIXED,CNN_RNND,5222,0.4223758615553379,0.33583418652415276,0.08654167433269322,
3,260819,mixed,MIXED,CNN_RNND,5223,0.4395866096019745,0.3566254824399948,0.08296112529933453,
3,260819,mixed,MIXED,CNN_RNND,5224,0.4327895287424326,0.35542724654078484,0.0773622877895832,
3,260819,mixed,MIXED,CNN_RNND,5225,0.4625910334289074,0.3725716918706894,0.09001934854313731,
3,260819,mixed,MIXED,CNN_RNND,5226,0.2909363266080618,0.24776967242360115,0.04316665721125901,
3,260819,mixed,MIXED,CNN_RNND,5227,0.2951755244284868,0.24585119262337685,0.04932433774229139,
3,260819,mixed,MIXED,CNN_RNND,5228,0.4721052050590515,0.3799804821610451,0.09212472010403872,
3,260819,mixed,MIXED,CNN_RNND,5229,0.4530921019613743,0.3682602718472481,0.08483184315264225,
3,260819,mixed,MIXED,CNN_RNND,5230,0.5206595584750175,0.41640208661556244,0.10425745695829391,
3,260819,mixed,MIXED,CNN_RNND,5231,0.578091949224472,0.46356073021888733,0.11453121062368155,
3,260819,mixed,MIXED,CNN_RNND,5232,0.3723134193569422,0.3046368733048439,0.06767655164003372,
3,260819,mixed,MIXED,CNN_RNND,5233,0.30515502393245697,0.2602968327701092,0.04485819092951715,
3,260819,mixed,MIXED,CNN_RNND,5234,0.37469662353396416,0.3056733012199402,0.06902332697063684,
3,260819,mixed,MIXED,CNN_RNND,5235,0.2736866772174835,0.22647971473634243,0.047206960909534246,
3,260819,mixed,MIXED,CNN_RNND,5236,0.44497834146022797,0.36522699892520905,0.07975134626030922,
3,260819,mixed,MIXED,CNN_RNND,5237,0.4500592239201069,0.36471204459667206,0.08534717466682196,
3,260819,mixed,MIXED,CNN_RNND,5238,0.4638962000608444,0.37796600908041,0.08593019493855536,
3,260819,mixed,MIXED,CNN_RNND,5239,0.3900442235171795,0.3227357789874077,0.06730843987315893,
3,260819,mixed,MIXED,CNN_RNND,5240,0.44382329285144806,0.3521290495991707,0.0916942514013499,
3,260819,mixed,MIXED,CNN_RNND,5241,0.37065205350518227,0.30459972470998764,0.06605233252048492,
3,260819,mixed,MIXED,CNN_RNND,5242,0.3744850307703018,0.31024086475372314,0.06424416659865528,
3,260819,mixed,MIXED,CNN_RNND,5243,0.41004811972379684,0.33397653326392174,0.07607157342135906,
3,260819,mixed,MIXED,CNN_RNND,5244,0.3331330455839634,0.2834310568869114,0.04970198776572943,
3,260819,mixed,MIXED,CNN_RNND,5245,0.2971256226301193,0.24894154630601406,0.04818408327992074,
3,260819,mixed,MIXED,CNN_RNND,5246,0.3755558505654335,0.3092997297644615,0.06625612173229456,
3,260819,mixed,MIXED,CNN_RNND,5247,0.3198883533477783,0.2743467949330807,0.04554155934602022,
3,260819,mixed,MIXED,CNN_RNND,5248,0.5471998825669289,0.4329484552145004,0.11425143107771873,
3,260819,mixed,MIXED,CNN_RNND,5249,0.4460740461945534,0.3617744520306587,0.0842995997518301,
3,260819,mixed,MIXED,CNN_RNND,5250,0.41388553753495216,0.33778034523129463,0.07610519044101238,
3,260819,mixed,MIXED,CNN_RNND,5251,0.2854169197380543,0.24107002466917038,0.04434688948094845,
3,260819,mixed,MIXED,CNN_RNND,5252,0.2756951004266739,0.23909628205001354,0.036598815699107945,
3,260819,mixed,MIXED,CNN_RNND,5253,0.2934427484869957,0.2459614872932434,0.0474812570028007,
3,260819,mixed,MIXED,CNN_RNND,5254,0.23610450699925423,0.20449629612267017,0.031608205201337114,
3,260819,mixed,MIXED,CNN_RNND,5255,0.5630468726158142,0.44734668731689453,0.11570020020008087,
3,260819,mixed,MIXED,CNN_RNND,5256,0.3431153669953346,0.28211500495672226,0.06100035551935434,
3,260819,mixed,MIXED,CNN_RNND,5257,0.44243788719177246,0.361810527741909,0.08062735479325056,
3,260819,mixed,MIXED,CNN_RNND,5258,0.32314155995845795,0.2728970944881439,0.05024446651805192,
3,260819,mixed,MIXED,CNN_RNND,5259,0.35382937267422676,0.28021520376205444,0.07361417287029326,
3,260819,mixed,MIXED,CNN_RNND,5260,0.44006626307964325,0.35949965566396713,0.08056660927832127,
3,260819,mixed,MIXED,CNN_RNND,5261,0.35266316682100296,0.28606224805116653,0.0666009122505784,
3,260819,mixed,MIXED,CNN_RNND,5262,0.2142267394810915,0.17729992978274822,0.036926800617948174,
3,260819,mixed,MIXED,CNN_RNND,5263,0.25543567910790443,0.2178710550069809,0.037564625265076756,
3,260819,mixed,MIXED,CNN_RNND,5264,0.21963548101484776,0.19159157574176788,0.02804390460369177,
3,260819,mixed,MIXED,CNN_RNND,5265,0.19033441506326199,0.16641511768102646,0.02391929813893512,
3,260819,mixed,MIXED,CNN_RNND,5266,0.353993808850646,0.2913740463554859,0.06261975993402302,
3,260819,mixed,MIXED,CNN_RNND,5267,0.45181681402027607,0.3609005846083164,0.09091622079722583,
3,260819,mixed,MIXED,CNN_RNND,5268,0.36172034591436386,0.3011409156024456,0.060579427517950535,
3,260819,mixed,MIXED,CNN_RNND,5269,0.44950364902615547,0.360151931643486,0.08935171272605658,
3,260819,mixed,MIXED,CNN_RNND,5270,0.4121881127357483,0.3363953083753586,0.07579280622303486,
3,260819,mixed,MIXED,CNN_RNND,5271,0.4819214753806591,0.3904881328344345,0.09143333975225687,
3,260819,mixed,MIXED,CNN_RNND,5272,0.15791047737002373,0.14244284853339195,0.015467628400074318,
3,260819,mixed,MIXED,CNN_RNND,5273,0.4128415063023567,0.33708857372403145,0.07575293444097042,
3,260819,mixed,MIXED,CNN_RNND,5274,0.2747528478503227,0.2302243858575821,0.044528457161504775,
3,260819,mixed,MIXED,CNN_RNND,5275,0.6073467954993248,0.4750562310218811,0.1322905533015728,
3,260819,mixed,MIXED,CNN_RNND,5276,0.27826235443353653,0.23632868379354477,0.04193367878906429,
3,260819,mixed,MIXED,CNN_RNND,5277,0.33634646981954575,0.2761070244014263,0.06023944402113557,
3,260819,mixed,MIXED,CNN_RNND,5278,0.2876618839800358,0.24428033456206322,0.04338155034929514,
3,260819,mixed,MIXED,CNN_RNND,5279,0.4059957191348076,0.32713930308818817,0.07885640859603882,
3,260819,mixed,MIXED,CNN_RNND,5280,0.5652058012783527,0.45613690465688705,0.10906889801844954,
3,260819,mixed,MIXED,CNN_RNND,5281,0.36859192699193954,0.3067151214927435,0.06187679595313966,
3,260819,mixed,MIXED,CNN_RNND,5282,0.34363079257309437,0.2805352583527565,0.06309553608298302,
3,260819,mixed,MIXED,CNN_RNND,5283,0.40338467061519623,0.3233031742274761,0.08008149452507496,
3,260819,mixed,MIXED,CNN_RNND,5284,0.521217554807663,0.4119267724454403,0.10929078236222267,
3,260819,mixed,MIXED,CNN_RNND,5285,0.34299991838634014,0.28389348089694977,0.05910644005052745,
3,260819,mixed,MIXED,CNN_RNND,5286,0.4695714972913265,0.3752277307212353,0.09434375120326877,
3,260819,mixed,MIXED,CNN_RNND,5287,0.5728971362113953,0.4545602574944496,0.11833687871694565,
3,260819,mixed,MIXED,CNN_RNND,5288,0.2822618577629328,0.23914215341210365,0.0431197079597041,
3,260819,mixed,MIXED,CNN_RNND,5289,0.4227280728518963,0.3395105339586735,0.08321753307245672,
3,260819,mixed,MIXED,CNN_RNND,5290,0.5023489743471146,0.40891463309526443,0.09343434125185013,
3,260819,mixed,MIXED,CNN_RNND,5291,0.387827031314373,0.3136080652475357,0.07421897165477276,
3,260819,mixed,MIXED,CNN_RNND,5292,0.35247786715626717,0.2921643406152725,0.060313521418720484,
3,260819,mixed,MIXED,CNN_RNND,5293,0.32710100710392,0.2792535498738289,0.04784746188670397,
3,260819,mixed,MIXED,CNN_RNND,5294,0.38887499272823334,0.32324306666851044,0.06563192186877131,
3,260819,mixed,MIXED,CNN_RNND,5295,0.5345825180411339,0.42683643847703934,0.10774608980864286,
3,260819,mixed,MIXED,CNN_RNND,5296,0.38441209122538567,0.31090123765170574,0.07351085939444602,
3,260819,mixed,MIXED,CNN_RNND,5297,0.44995440170168877,0.35930658131837845,0.09064781223423779,
3,260819,mixed,MIXED,CNN_RNND,5298,0.4889416769146919,0.3904208093881607,0.09852087963372469,
3,260819,mixed,MIXED,CNN_RNND,5299,0.39019450172781944,0.3200100399553776,0.07018446177244186,
3,260819,mixed,MIXED,CNN_RNND,5300,0.5253377631306648,0.40908949822187424,0.11624825932085514,
3,260819,mixed,MIXED,CNN_RNND,5301,0.37314893677830696,0.3126928508281708,0.06045609666034579,
3,260819,mixed,MIXED,CNN_RNND,5302,0.22310178168118,0.19463064894080162,0.028471133206039667,
3,260819,mixed,MIXED,CNN_RNND,5303,0.5366152822971344,0.43101198971271515,0.10560329630970955,
3,260819,mixed,MIXED,CNN_RNND,5304,0.3283802941441536,0.2758484408259392,0.05253185937181115,
3,260819,mixed,MIXED,CNN_RNND,5305,0.4807620756328106,0.39208517223596573,0.08867690991610289,
3,260819,mixed,MIXED,CNN_RNND,5306,0.37249841913580894,0.30558659695088863,0.06691182137001306,
3,260819,mixed,MIXED,CNN_RNND,5307,0.5779220908880234,0.44672881066799164,0.13119329418987036,
3,260819,mixed,MIXED,CNN_RNND,5308,0.6382204592227936,0.4986524134874344,0.1395680382847786,
3,260819,mixed,MIXED,CNN_RNND,5309,0.4318256825208664,0.34672584384679794,0.08509984659031034,
3,260819,mixed,MIXED,CNN_RNND,5310,0.3311858382076025,0.2735466808080673,0.0576391601935029,
3,260819,mixed,MIXED,CNN_RNND,5311,0.6346491575241089,0.5049002692103386,0.1297488994896412,
3,260819,mixed,MIXED,CNN_RNND,5312,0.5765015706419945,0.44902726262807846,0.12747430242598057,
3,260819,mixed,MIXED,CNN_RNND,5313,0.3878474608063698,0.3146081119775772,0.07323934137821198,
3,260819,mixed,MIXED,CNN_RNND,5314,0.349039901047945,0.2905014827847481,0.058538421988487244,
3,260819,mixed,MIXED,CNN_RNND,5315,0.40586989372968674,0.3309229910373688,0.07494688779115677,
3,260819,mixed,MIXED,CNN_RNND,5316,0.27103491127491,0.2291117124259472,0.041923202108591795,
3,260819,mixed,MIXED,CNN_RNND,5317,0.5199128612875938,0.41954298317432404,0.10036987159401178,
3,260819,mixed,MIXED,CNN_RNND,5318,0.36236822605133057,0.2977961264550686,0.06457210250664502,
3,260819,mixed,MIXED,CNN_RNND,5319,0.41331052780151367,0.3412068709731102,0.07210365869104862,
3,260819,mixed,MIXED,CNN_RNND,5320,0.4990733824670315,0.3954543359577656,0.1036190390586853,
3,260819,mixed,MIXED,CNN_RNND,5321,0.3600294403731823,0.29193910025060177,0.06809033447643742,
3,260819,mixed,MIXED,CNN_RNND,5322,0.3705016188323498,0.3036861941218376,0.06681543635204434,
3,260819,mixed,MIXED,CNN_RNND,5323,0.46119705587625504,0.369759738445282,0.09143730346113443,
3,260819,mixed,MIXED,CNN_RNND,5324,0.47104487195611,0.37237448990345,0.09867038484662771,
3,260819,mixed,MIXED,CNN_RNND,5325,0.4654753729701042,0.37232984602451324,0.0931455260142684,
3,260819,mixed,MIXED,CNN_RNND,5326,0.4143348000943661,0.34080085158348083,0.07353395875543356,
3,260819,mixed,MIXED,CNN_RNND,5327,0.4740179628133774,0.380983367562294,0.09303459152579308,
3,260819,mixed,MIXED,CNN_RNND,5328,0.3874780423939228,0.32251477241516113,0.06496327510103583,
3,260819,mixed,MIXED,CNN_RNND,5329,0.383201289921999,0.31560497358441353,0.0675963053945452,
3,260819,mixed,MIXED,CNN_RNND,5330,0.2689978275448084,0.23019068129360676,0.03880714235128835,
3,260819,mixed,MIXED,CNN_RNND,5331,0.547218170017004,0.4386485628783703,0.1085696155205369,
3,260819,mixed,MIXED,CNN_RNND,5332,0.3463669791817665,0.28768405318260193,0.05868293240200728,
3,260819,mixed,MIXED,CNN_RNND,5333,0.5191213916987181,0.418235220015049,0.10088617354631424,
3,260819,mixed,MIXED,CNN_RNND,5334,0.309142192825675,0.26084738969802856,0.04829479637555778,
3,260819,mixed,MIXED,CNN_RNND,5335,0.4369286596775055,0.3517921194434166,0.0851365365087986,
3,260819,mixed,MIXED,CNN_RNND,5336,0.5178671032190323,0.4107551574707031,0.10711194574832916,
3,260819,mixed,MIXED,CNN_RNND,5337,0.35888689011335373,0.2969682514667511,0.06191863585263491,
3,260819,mixed,MIXED,CNN_RNND,5338,0.4618503078818321,0.368555910885334,0.0932944007217884,
3,260819,mixed,MIXED,CNN_RNND,5339,0.4578302912414074,0.3614642284810543,0.09636606462299824,
3,260819,mixed,MIXED,CNN_RNND,5340,0.3979738689959049,0.32711925357580185,0.07085461542010307,
3,260819,mixed,MIXED,CNN_RNND,5341,0.40895145386457443,0.33374955505132675,0.07520189881324768,
3,260819,mixed,MIXED,CNN_RNND,5342,0.3391737136989832,0.27666302490979433,0.06251068180426955,
3,260819,mixed,MIXED,CNN_RNND,5343,0.2643871083855629,0.22408999875187874,0.04029711103066802,
3,260819,mixed,MIXED,CNN_RNND,5344,0.531908355653286,0.4297916777431965,0.10211668070405722,
3,260819,mixed,MIXED,CNN_RNND,5345,0.4970043860375881,0.3936035931110382,0.10340079804882407,
3,260819,mixed,MIXED,CNN_RNND,5346,0.25823014974594116,0.2171855829656124,0.04104456817731261,
3,260819,mixed,MIXED,CNN_RNND,5347,0.34545523300766945,0.2930680438876152,0.052387196104973555,
3,260819,mixed,MIXED,CNN_RNND,5348,0.311515549197793,0.25584637001156807,0.055669178953394294,
3,260819,mixed,MIXED,CNN_RNND,5349,0.3854232206940651,0.3164060954004526,0.06901712599210441,
3,260819,mixed,MIXED,CNN_RNND,5350,0.503139428794384,0.40300655364990234,0.10013286769390106,
3,260819,mixed,MIXED,CNN_RNND,5351,0.539852112531662,0.42679313570261,0.11305898381397128,
3,260819,mixed,MIXED,CNN_RNND,5352,0.4995938166975975,0.3999115005135536,0.09968230873346329,
3,260819,mixed,MIXED,CNN_RNND,5353,0.4723510816693306,0.3774934783577919,0.0948576033115387,
3,260819,mixed,MIXED,CNN_RNND,5354,0.5269431993365288,0.4191218987107277,0.10782130435109138,
3,260819,mixed,MIXED,CNN_RNND,5355,0.39295199885964394,0.31789523363113403,0.07505676988512278,
3,260819,mixed,MIXED,CNN_RNND,5356,0.3873196020722389,0.31783020682632923,0.06948939088033512,
3,260819,mixed,MIXED,CNN_RNND,5357,0.2710799090564251,0.23180345818400383,0.039276447147130966,
3,260819,mixed,MIXED,CNN_RNND,5358,0.25617362558841705,0.2175425086170435,0.038631118135526776,
3,260819,mixed,MIXED,CNN_RNND,5359,0.5823822021484375,0.4619806557893753,0.12040155567228794,
3,260819,mixed,MIXED,CNN_RNND,5360,0.3206353597342968,0.26695118099451065,0.05368417548015714,
3,260819,mixed,MIXED,CNN_RNND,5361,0.47815290093421936,0.38524118065834045,0.09291171468794346,
3,260819,mixed,MIXED,CNN_RNND,5362,0.29673776030540466,0.25149644911289215,0.04524131561629474,
3,260819,mixed,MIXED,CNN_RNND,5363,0.4621192216873169,0.3770422339439392,0.08507698867470026,
3,260819,mixed,MIXED,CNN_RNND,5364,0.40142372995615005,0.3287823349237442,0.07264138292521238,
3,260819,mixed,MIXED,CNN_RNND,5365,0.3678642213344574,0.3031932972371578,0.0646709188586101,
3,260819,mixed,MIXED,CNN_RNND,5366,0.383163932710886,0.3114772215485573,0.07168670336250216,
3,260819,mixed,MIXED,CNN_RNND,5367,0.45838551968336105,0.3677014857530594,0.09068403206765652,
3,260819,mixed,MIXED,CNN_RNND,5368,0.3075970821082592,0.2623085044324398,0.04528857488185167,
3,260819,mixed,MIXED,CNN_RNND,5369,0.43190593644976616,0.35688602179288864,0.07501991395838559,
3,260819,mixed,MIXED,CNN_RNND,5370,0.26551370695233345,0.23089345917105675,0.034620244754478335,
3,260819,mixed,MIXED,CNN_RNND,5371,0.2789474055171013,0.2344289943575859,0.04451840464025736,
3,260819,mixed,MIXED,CNN_RNND,5372,0.26787276938557625,0.22799033299088478,0.03988243639469147,
3,260819,mixed,MIXED,CNN_RNND,5373,0.46353667229413986,0.3659234270453453,0.09761323872953653,
3,260819,mixed,MIXED,CNN_RNND,5374,0.38779371604323387,0.3183804415166378,0.06941327452659607,
3,260819,mixed,MIXED,CNN_RNND,5375,0.543638251721859,0.4289801549166441,0.1146581124921795,
3,260819,mixed,MIXED,CNN_RNND,5376,0.4452604874968529,0.3670375980436802,0.07822288991883397,
3,260819,mixed,MIXED,CNN_RNND,5377,0.369931161403656,0.3028169870376587,0.06711417250335217,
3,260819,mixed,MIXED,CNN_RNND,5378,0.5048989430069923,0.40161823481321335,0.10328071191906929,
3,260819,mixed,MIXED,CNN_RNND,5379,0.4795873761177063,0.3744068667292595,0.1051805131137371,
3,260819,mixed,MIXED,CNN_RNND,5380,0.3983818255364895,0.33100220933556557,0.06737962318584323,
3,260819,mixed,MIXED,CNN_RNND,5381,0.35677454620599747,0.2866760790348053,0.07009847369045019,
3,260819,mixed,MIXED,CNN_RNND,5382,0.5363829359412193,0.4320665970444679,0.10431634448468685,
3,260819,mixed,MIXED,CNN_RNND,5383,0.4980212263762951,0.4021405652165413,0.09588066674768925,
3,260819,mixed,MIXED,CNN_RNND,5384,0.28427110612392426,0.24266569316387177,0.041605415754020214,
3,260819,mixed,MIXED,CNN_RNND,5385,0.29689519479870796,0.2565283812582493,0.040366823552176356,
3,260819,mixed,MIXED,CNN_RNND,5386,0.4589642006903887,0.36850763857364655,0.0904565536766313,
3,260819,mixed,MIXED,CNN_RNND,5387,0.4192652106285095,0.3418417423963547,0.0774234551936388,
3,260819,mixed,MIXED,CNN_RNND,5388,0.33591339737176895,0.2773011215031147,0.05861228005960584,
3,260819,mixed,MIXED,CNN_RNND,5389,0.13307796604931355,0.12145543284714222,0.011622533405898139,
3,260819,mixed,MIXED,CNN_RNND,5390,0.4137223996222019,0.3345498666167259,0.07917253207415342,
3,260819,mixed,MIXED,CNN_RNND,5391,0.6310786753892899,0.5030906945466995,0.127987964078784,
3,260819,mixed,MIXED,CNN_RNND,5392,0.47244860231876373,0.38720371574163437,0.0852448889054358,
3,260819,mixed,MIXED,CNN_RNND,5393,0.5541913211345673,0.44180305302143097,0.11238826997578144,
3,260819,mixed,MIXED,CNN_RNND,5394,0.5163464695215225,0.413541741669178,0.10280472040176392,
3,260819,mixed,MIXED,CNN_RNND,5395,0.4291641116142273,0.35334010422229767,0.07582401670515537,
3,260819,mixed,MIXED,CNN_RNND,5396,0.4950342234224081,0.39821427688002586,0.0968199500348419,
3,260819,mixed,MIXED,CNN_RNND,5397,0.4175729863345623,0.3406386375427246,0.07693434413522482,
3,260819,mixed,MIXED,CNN_RNND,5398,0.40616080164909363,0.3337946906685829,0.07236612634733319,
3,260819,mixed,MIXED,CNN_RNND,5399,0.5599319338798523,0.442893385887146,0.11703855358064175,
3,260819,mixed,MIXED,CNN_RNND,5400,0.451788954436779,0.36744993925094604,0.0843390105292201,-1.0821116547941916
3,260819,mixed,MIXED,CNN_RNND,5401,0.44088125228881836,0.3611071854829788,0.07977406401187181,
3,260819,mixed,MIXED,CNN_RNND,5402,0.3873171005398035,0.3129478096961975,0.07436929550021887,
3,260819,mixed,MIXED,CNN_RNND,5403,0.3944622538983822,0.3170145973563194,0.07744765840470791,
3,260819,mixed,MIXED,CNN_RNND,5404,0.3622695654630661,0.29979052394628525,0.06247903499752283,
3,260819,mixed,MIXED,CNN_RNND,5405,0.3312752768397331,0.27482447028160095,0.05645080888643861,
3,260819,mixed,MIXED,CNN_RNND,5406,0.34085095673799515,0.28055138140916824,0.060299576725810766,
3,260819,mixed,MIXED,CNN_RNND,5407,0.3743385747075081,0.3080555610358715,0.06628302158787847,
3,260819,mixed,MIXED,CNN_RNND,5408,0.419997863471508,0.33621080592274666,0.08378705196082592,
3,260819,mixed,MIXED,CNN_RNND,5409,0.4408065974712372,0.35580169409513474,0.08500490989536047,
3,260819,mixed,MIXED,CNN_RNND,5410,0.34079622477293015,0.2861459515988827,0.05465026758611202,
3,260819,mixed,MIXED,CNN_RNND,5411,0.2191864438354969,0.18630728870630264,0.03287915958208032,
3,260819,mixed,MIXED,CNN_RNND,5412,0.4224775992333889,0.3460826948285103,0.07639490184374154,
3,260819,mixed,MIXED,CNN_RNND,5413,0.42609985917806625,0.35060659423470497,0.07549326308071613,
3,260819,mixed,MIXED,CNN_RNND,5414,0.46261728554964066,0.3743116594851017,0.08830562327057123,
3,260819,mixed,MIXED,CNN_RNND,5415,0.3191446680575609,0.2580365873873234,0.06110808192170225,
3,260819,mixed,MIXED,CNN_RNND,5416,0.43140996620059013,0.3452999722212553,0.08611000108066946,
3,260819,mixed,MIXED,CNN_RNND,5417,0.16548443399369717,0.14838945120573044,0.017094981798436493,
3,260819,mixed,MIXED,CNN_RNND,5418,0.33145011588931084,0.2759551554918289,0.0554949565557763,
3,260819,mixed,MIXED,CNN_RNND,5419,0.3920561857521534,0.31901549734175205,0.0730406865477562,
3,260819,mixed,MIXED,CNN_RNND,5420,0.33690066635608673,0.2857150547206402,0.05118561489507556,
3,260819,mixed,MIXED,CNN_RNND,5421,0.2178715020418167,0.18620386719703674,0.0316676328657195,
3,260819,mixed,MIXED,CNN_RNND,5422,0.3197968900203705,0.2725546061992645,0.04724228195846081,
3,260819,mixed,MIXED,CNN_RNND,5423,0.2768329419195652,0.23488958179950714,0.04194335942156613,
3,260819,mixed,MIXED,CNN_RNND,5424,0.5607379153370857,0.446833573281765,0.11390433646738529,
3,260819,mixed,MIXED,CNN_RNND,5425,0.5418532118201256,0.43842796981334686,0.10342523455619812,
3,260819,mixed,MIXED,CNN_RNND,5426,0.4402759298682213,0.35956333205103874,0.08071259828284383,
3,260819,mixed,MIXED,CNN_RNND,5427,0.28768847696483135,0.23633093014359474,0.0513575398363173,
3,260819,mixed,MIXED,CNN_RNND,5428,0.36747531592845917,0.30726318433880806,0.06021213345229626,
3,260819,mixed,MIXED,CNN_RNND,5429,0.33422329276800156,0.2713828384876251,0.06284045171923935,
3,260819,mixed,MIXED,CNN_RNND,5430,0.33679239451885223,0.27587082237005234,0.06092158146202564,
3,260819,mixed,MIXED,CNN_RNND,5431,0.47170084714889526,0.38340984284877777,0.08829101547598839,
3,260819,mixed,MIXED,CNN_RNND,5432,0.36866735853254795,0.299242427572608,0.06942493125097826,
3,260819,mixed,MIXED,CNN_RNND,5433,0.3461714796721935,0.2865048870444298,0.05966660100966692,
3,260819,mixed,MIXED,CNN_RNND,5434,0.5774456709623337,0.4583320990204811,0.11911358125507832,
3,260819,mixed,MIXED,CNN_RNND,5435,0.4904637597501278,0.3824789375066757,0.10798482224345207,
3,260819,mixed,MIXED,CNN_RNND,5436,0.27705614268779755,0.23473182134330273,0.042324323672801256,
3,260819,mixed,MIXED,CNN_RNND,5437,0.4069258086383343,0.32585678063333035,0.0810690289363265,
3,260819,mixed,MIXED,CNN_RNND,5438,0.4023358002305031,0.3274731934070587,0.0748626091517508,
3,260819,mixed,MIXED,CNN_RNND,5439,0.4219927005469799,0.34963786602020264,0.07235483825206757,
3,260819,mixed,MIXED,CNN_RNND,5440,0.5185602009296417,0.4181758984923363,0.10038428008556366,
3,260819,mixed,MIXED,CNN_RNND,5441,0.28255489841103554,0.23766738176345825,0.044887524214573205,
3,260819,mixed,MIXED,CNN_RNND,5442,0.3035899493843317,0.25087523832917213,0.05271470965817571,
3,260819,mixed,MIXED,CNN_RNND,5443,0.3322795480489731,0.2739432416856289,0.05833630636334419,
3,260819,mixed,MIXED,CNN_RNND,5444,0.1401287019252777,0.12886582501232624,0.011262877320405096,
3,260819,mixed,MIXED,CNN_RNND,5445,0.30099308863282204,0.24768390506505966,0.053309186769183725,
3,260819,mixed,MIXED,CNN_RNND,5446,0.35132458433508873,0.28955934196710587,0.06176523957401514,
3,260819,mixed,MIXED,CNN_RNND,5447,0.41899862699210644,0.3424462787806988,0.0765523441368714,
3,260819,mixed,MIXED,CNN_RNND,5448,0.31646253913640976,0.26577357575297356,0.05068896757438779,
3,260819,mixed,MIXED,CNN_RNND,5449,0.4978172034025192,0.40109530091285706,0.09672191180288792,
3,260819,mixed,MIXED,CNN_RNND,5450,0.36993879824876785,0.30528954043984413,0.06464924989268184,
3,260819,mixed,MIXED,CNN_RNND,5451,0.33501169085502625,0.26631885953247547,0.06869283085688949,
3,260819,mixed,MIXED,CNN_RNND,5452,0.4030044339597225,0.33253495767712593,0.07046947441995144,
3,260819,mixed,MIXED,CNN_RNND,5453,0.5034137219190598,0.4019179455935955,0.10149577911943197,
3,260819,mixed,MIXED,CNN_RNND,5454,0.3178911954164505,0.26382799074053764,0.05406319932080805,
3,260819,mixed,MIXED,CNN_RNND,5455,0.31390339508652687,0.26424168795347214,0.049661712255328894,
3,260819,mixed,MIXED,CNN_RNND,5456,0.3267889767885208,0.2774193361401558,0.04936964251101017,
3,260819,mixed,MIXED,CNN_RNND,5457,0.39807164296507835,0.3210749179124832,0.07699673809111118,
3,260819,mixed,MIXED,CNN_RNND,5458,0.2530636675655842,0.21408534795045853,0.03897831350332126,
3,260819,mixed,MIXED,CNN_RNND,5459,0.1969811264425516,0.17142537608742714,0.0255557494238019,
3,260819,mixed,MIXED,CNN_RNND,5460,0.5015932470560074,0.40616995096206665,0.09542330354452133,
3,260819,mixed,MIXED,CNN_RNND,5461,0.4848678782582283,0.38896214216947556,0.0959057379513979,
3,260819,mixed,MIXED,CNN_RNND,5462,0.5434357821941376,0.42935071140527725,0.1140850717201829,
3,260819,mixed,MIXED,CNN_RNND,5463,0.49845005571842194,0.40358392894268036,0.09486611187458038,
3,260819,mixed,MIXED,CNN_RNND,5464,0.41992396861314774,0.33827950432896614,0.0816444642841816,
3,260819,mixed,MIXED,CNN_RNND,5465,0.42915231734514236,0.34709789603948593,0.08205442875623703,
3,260819,mixed,MIXED,CNN_RNND,5466,0.3165399581193924,0.2630067076534033,0.05353325977921486,
3,260819,mixed,MIXED,CNN_RNND,5467,0.40943954698741436,0.327654454857111,0.08178509381832555,
3,260819,mixed,MIXED,CNN_RNND,5468,0.41757785342633724,0.33346319757401943,0.08411465614335611,
3,260819,mixed,MIXED,CNN_RNND,5469,0.4571690186858177,0.3739471063017845,0.08322190213948488,
3,260819,mixed,MIXED,CNN_RNND,5470,0.32622510753571987,0.2688607443124056,0.057364367763511837,
3,260819,mixed,MIXED,CNN_RNND,5471,0.27939572930336,0.23349884524941444,0.045896881783846766,
3,260819,mixed,MIXED,CNN_RNND,5472,0.5635761618614197,0.4396638534963131,0.12391231022775173,
3,260819,mixed,MIXED,CNN_RNND,5473,0.30011388659477234,0.2491244040429592,0.05098947434453294,
3,260819,mixed,MIXED,CNN_RNND,5474,0.5024558827280998,0.4083847254514694,0.09407115448266268,
3,260819,mixed,MIXED,CNN_RNND,5475,0.5445168614387512,0.4239540994167328,0.12056275829672813,
3,260819,mixed,MIXED,CNN_RNND,5476,0.38591568171977997,0.31610002368688583,0.06981565279420465,
3,260819,mixed,MIXED,CNN_RNND,5477,0.3017110340297222,0.2529745548963547,0.04873647354543209,
3,260819,mixed,MIXED,CNN_RNND,5478,0.3444111607968807,0.2853799797594547,0.0590311826672405,
3,260819,mixed,MIXED,CNN_RNND,5479,0.39145027473568916,0.3154977485537529,0.07595252338796854,
3,260819,mixed,MIXED,CNN_RNND,5480,0.3101462349295616,0.26129157841205597,0.048854663502424955,
3,260819,mixed,MIXED,CNN_RNND,5481,0.2214292362332344,0.18804516829550266,0.03338407236151397,
3,260819,mixed,MIXED,CNN_RNND,5482,0.30530936643481255,0.25490444898605347,0.050404915877152234,
3,260819,mixed,MIXED,CNN_RNND,5483,0.40055542811751366,0.32398896291852,0.07656645588576794,
3,260819,mixed,MIXED,CNN_RNND,5484,0.5407067388296127,0.43174874782562256,0.10895798541605473,
3,260819,mixed,MIXED,CNN_RNND,5485,0.33313482627272606,0.2702292501926422,0.06290558818727732,
3,260819,mixed,MIXED,CNN_RNND,5486,0.474014051258564,0.3808222860097885,0.09319177363067865,
3,260819,mixed,MIXED,CNN_RNND,5487,0.5213922783732414,0.41467224806547165,0.10672003030776978,
3,260819,mixed,MIXED,CNN_RNND,5488,0.5327539443969727,0.4294356182217598,0.10331833362579346,
3,260819,mixed,MIXED,CNN_RNND,5489,0.36321941297501326,0.2953392267227173,0.06788019073428586,
3,260819,mixed,MIXED,CNN_RNND,5490,0.4890648350119591,0.38948655873537064,0.09957827627658844,
3,260819,mixed,MIXED,CNN_RNND,5491,0.43763262778520584,0.3574240505695343,0.08020858839154243,
3,260819,mixed,MIXED,CNN_RNND,5492,0.4228992909193039,0.3469388522207737,0.0759604312479496,
3,260819,mixed,MIXED,CNN_RNND,5493,0.3820814359933138,0.3184067867696285,0.0636746478267014,
3,260819,mixed,MIXED,CNN_RNND,5494,0.45783720165491104,0.3675176575779915,0.09031954500824213,
3,260819,mixed,MIXED,CNN_RNND,5495,0.4226547181606293,0.340667262673378,0.08198744431138039,
3,260819,mixed,MIXED,CNN_RNND,5496,0.5370838865637779,0.4254348650574684,0.11164901591837406,
3,260819,mixed,MIXED,CNN_RNND,5497,0.4113532453775406,0.32866425067186356,0.08268901240080595,
3,260819,mixed,MIXED,CNN_RNND,5498,0.4370654746890068,0.3513311818242073,0.08573430101387203,
3,260819,mixed,MIXED,CNN_RNND,5499,0.4040355384349823,0.32749418169260025,0.07654135767370462,
3,260819,mixed,MIXED,CNN_RNND,5500,0.3506621439009905,0.2922344319522381,0.05842770985327661,
3,260819,mixed,MIXED,CNN_RNND,5501,0.2511274963617325,0.2146010845899582,0.036526406183838844,
3,260819,mixed,MIXED,CNN_RNND,5502,0.2399847311899066,0.2018501441925764,0.03813458950025961,
3,260819,mixed,MIXED,CNN_RNND,5503,0.32328683137893677,0.2629767209291458,0.06031010393053293,
3,260819,mixed,MIXED,CNN_RNND,5504,0.372087474912405,0.3092937059700489,0.06279376661404967,
3,260819,mixed,MIXED,CNN_RNND,5505,0.2916732467710972,0.24988119304180145,0.041792053380049765,
3,260819,mixed,MIXED,CNN_RNND,5506,0.34626150503754616,0.28365811333060265,0.06260338891297579,
3,260819,mixed,MIXED,CNN_RNND,5507,0.4806257449090481,0.38317999988794327,0.09744574781507254,
3,260819,mixed,MIXED,CNN_RNND,5508,0.3225122466683388,0.2665146254003048,0.0559976328513585,
3,260819,mixed,MIXED,CNN_RNND,5509,0.4211313985288143,0.34017302840948105,0.08095836732536554,
3,260819,mixed,MIXED,CNN_RNND,5510,0.37783143669366837,0.3076103776693344,0.07022105157375336,
3,260819,mixed,MIXED,CNN_RNND,5511,0.5359059944748878,0.42959222197532654,0.10631376504898071,
3,260819,mixed,MIXED,CNN_RNND,5512,0.40780989453196526,0.33030224591493607,0.07750764559023082,
3,260819,mixed,MIXED,CNN_RNND,5513,0.5731751695275307,0.4550442546606064,0.11813091952353716,
3,260819,mixed,MIXED,CNN_RNND,5514,0.6089329421520233,0.47982697933912277,0.12910595908761024,
3,260819,mixed,MIXED,CNN_RNND,5515,0.5377064347267151,0.4232151694595814,0.11449126992374659,
3,260819,mixed,MIXED,CNN_RNND,5516,0.35305457562208176,0.2946387827396393,0.058415796142071486,
3,260819,mixed,MIXED,CNN_RNND,5517,0.47632546722888947,0.3847535774111748,0.09157187677919865,
3,260819,mixed,MIXED,CNN_RNND,5518,0.38418786972761154,0.31621409207582474,0.06797377485781908,
3,260819,mixed,MIXED,CNN_RNND,5519,0.3771959375590086,0.3050901349633932,0.07210580131504685,
3,260819,mixed,MIXED,CNN_RNND,5520,0.4247916713356972,0.35474109649658203,0.07005057670176029,
3,260819,mixed,MIXED,CNN_RNND,5521,0.4446173571050167,0.36611775681376457,0.07849959237501025,
3,260819,mixed,MIXED,CNN_RNND,5522,0.26147087290883064,0.22022558003664017,0.0412452919408679,
3,260819,mixed,MIXED,CNN_RNND,5523,0.30567180179059505,0.25709035247564316,0.048581444134470075,
3,260819,mixed,MIXED,CNN_RNND,5524,0.30913399904966354,0.2625109702348709,0.04662302881479263,
3,260819,mixed,MIXED,CNN_RNND,5525,0.486685186624527,0.3989965617656708,0.0876886323094368,
3,260819,mixed,MIXED,CNN_RNND,5526,0.2853243164718151,0.2394164763391018,0.04590784199535847,
3,260819,mixed,MIXED,CNN_RNND,5527,0.34697562642395496,0.2919205240905285,0.0550551024498418,
3,260819,mixed,MIXED,CNN_RNND,5528,0.47029898315668106,0.377076618373394,0.0932223629206419,
3,260819,mixed,MIXED,CNN_RNND,5529,0.4497484639286995,0.3666316606104374,0.08311680983752012,
3,260819,mixed,MIXED,CNN_RNND,5530,0.4825374260544777,0.3841294087469578,0.09840802382677794,
3,260819,mixed,MIXED,CNN_RNND,5531,0.40879742056131363,0.34063922986388206,0.06815818510949612,
3,260819,mixed,MIXED,CNN_RNND,5532,0.2914033271372318,0.24365611746907234,0.04774720757268369,
3,260819,mixed,MIXED,CNN_RNND,5533,0.31418247893452644,0.2597476951777935,0.05443478561937809,
3,260819,mixed,MIXED,CNN_RNND,5534,0.3500601351261139,0.28961923718452454,0.060440887697041035,
3,260819,mixed,MIXED,CNN_RNND,5535,0.39314308762550354,0.3171498216688633,0.07599326240597293,
3,260819,mixed,MIXED,CNN_RNND,5536,0.3656303323805332,0.29833681881427765,0.06729351542890072,
3,260819,mixed,MIXED,CNN_RNND,5537,0.29077451676130295,0.2501423954963684,0.040632124058902264,
3,260819,mixed,MIXED,CNN_RNND,5538,0.4605739563703537,0.3683687001466751,0.09220525994896889,
3,260819,mixed,MIXED,CNN_RNND,5539,0.6217628642916679,0.4910773038864136,0.13068555109202862,
3,260819,mixed,MIXED,CNN_RNND,5540,0.3952156603336334,0.32035132497549057,0.07486433070152998,
3,260819,mixed,MIXED,CNN_RNND,5541,0.3067995682358742,0.2594623826444149,0.047337185591459274,
3,260819,mixed,MIXED,CNN_RNND,5542,0.4340175911784172,0.35558074712753296,0.07843684172257781,
3,260819,mixed,MIXED,CNN_RNND,5543,0.36631011962890625,0.3082950599491596,0.05801504943519831,
3,260819,mixed,MIXED,CNN_RNND,5544,0.40892545133829117,0.3388092517852783,0.07011620979756117,
3,260819,mixed,MIXED,CNN_RNND,5545,0.49128802865743637,0.3916516900062561,0.09963633492588997,
3,260819,mixed,MIXED,CNN_RNND,5546,0.31197984516620636,0.26321767643094063,0.048762158025056124,
3,260819,mixed,MIXED,CNN_RNND,5547,0.5294185355305672,0.41704898700118065,0.11236954107880592,
3,260819,mixed,MIXED,CNN_RNND,5548,0.4416796565055847,0.3613705486059189,0.08030910044908524,
3,260819,mixed,MIXED,CNN_RNND,5549,0.5045036021620035,0.409146461635828,0.09535715030506253,
3,260819,mixed,MIXED,CNN_RNND,5550,0.30674421787261963,0.2528866045176983,0.053857608581893146,
3,260819,mixed,MIXED,CNN_RNND,5551,0.3527496214956045,0.29059704579412937,0.06215257686562836,
3,260819,mixed,MIXED,CNN_RNND,5552,0.38820403814315796,0.31770148128271103,0.0705025545321405,
3,260819,mixed,MIXED,CNN_RNND,5553,0.378328163176775,0.3091247156262398,0.06920345057733357,
3,260819,mixed,MIXED,CNN_RNND,5554,0.5139211416244507,0.40926043316721916,0.10466072056442499,
3,260819,mixed,MIXED,CNN_RNND,5555,0.3247844632714987,0.26768575608730316,0.05709871300496161,
3,260819,mixed,MIXED,CNN_RNND,5556,0.5214505642652512,0.4149179011583328,0.10653266869485378,
3,260819,mixed,MIXED,CNN_RNND,5557,0.327912624925375,0.27310187742114067,0.054810734814964235,
3,260819,mixed,MIXED,CNN_RNND,5558,0.4633624441921711,0.3782859519124031,0.08507648343220353,
3,260819,mixed,MIXED,CNN_RNND,5559,0.39794955402612686,0.32295118272304535,0.07499836757779121,
3,260819,mixed,MIXED,CNN_RNND,5560,0.17315931245684624,0.1504173632711172,0.022741955355741084,
3,260819,mixed,MIXED,CNN_RNND,5561,0.42735224962234497,0.35024140775203705,0.07711084140464664,
3,260819,mixed,MIXED,CNN_RNND,5562,0.4624810591340065,0.37635742872953415,0.0861236359924078,
3,260819,mixed,MIXED,CNN_RNND,5563,0.28516151010990143,0.23927118629217148,0.04589032829971984,
3,260819,mixed,MIXED,CNN_RNND,5564,0.3590499684214592,0.29165447130799294,0.06739549222402275,
3,260819,mixed,MIXED,CNN_RNND,5565,0.5573181286454201,0.43679411709308624,0.12052401341497898,
3,260819,mixed,MIXED,CNN_RNND,5566,0.3152681216597557,0.26492881774902344,0.05033929832279682,
3,260819,mixed,MIXED,CNN_RNND,5567,0.3253445029258728,0.2703227810561657,0.055021720472723246,
3,260819,mixed,MIXED,CNN_RNND,5568,0.5703205764293671,0.45280156284570694,0.11751900799572468,
3,260819,mixed,MIXED,CNN_RNND,5569,0.4364156275987625,0.3486955724656582,0.08772006165236235,
3,260819,mixed,MIXED,CNN_RNND,5570,0.2991470545530319,0.25466807931661606,0.044478976633399725,
3,260819,mixed,MIXED,CNN_RNND,5571,0.5507048442959785,0.4344474524259567,0.11625738628208637,
3,260819,mixed,MIXED,CNN_RNND,5572,0.5156714767217636,0.40972085297107697,0.10595062747597694,
3,260819,mixed,MIXED,CNN_RNND,5573,0.28539077937602997,0.24384523183107376,0.041545542888343334,
3,260819,mixed,MIXED,CNN_RNND,5574,0.4912889301776886,0.3912273645401001,0.1000615656375885,
3,260819,mixed,MIXED,CNN_RNND,5575,0.3526334688067436,0.2923031747341156,0.06033029779791832,
3,260819,mixed,MIXED,CNN_RNND,5576,0.29867503233253956,0.25049818493425846,0.04817684760200791,
3,260819,mixed,MIXED,CNN_RNND,5577,0.2781449034810066,0.23183640278875828,0.04630850220564753,
3,260819,mixed,MIXED,CNN_RNND,5578,0.3634333536028862,0.29958924651145935,0.06384409591555595,
3,260819,mixed,MIXED,CNN_RNND,5579,0.615119181573391,0.47895774990320206,0.13616142980754375,
3,260819,mixed,MIXED,CNN_RNND,5580,0.36163943633437157,0.3016829080879688,0.05995652684941888,
3,260819,mixed,MIXED,CNN_RNND,5581,0.31632812321186066,0.26629043370485306,0.050037686713039875,
3,260819,mixed,MIXED,CNN_RNND,5582,0.48004721850156784,0.38246849179267883,0.09757873229682446,
3,260819,mixed,MIXED,CNN_RNND,5583,0.512342095375061,0.40710410475730896,0.10523799434304237,
3,260819,mixed,MIXED,CNN_RNND,5584,0.3418171964585781,0.28994297981262207,0.05187421524897218,
3,260819,mixed,MIXED,CNN_RNND,5585,0.36326567083597183,0.3002752438187599,0.06299043260514736,
3,260819,mixed,MIXED,CNN_RNND,5586,0.5288673862814903,0.41199738532304764,0.11687001585960388,
3,260819,mixed,MIXED,CNN_RNND,5587,0.4498159419745207,0.3606942519545555,0.0891216864110902,
3,260819,mixed,MIXED,CNN_RNND,5588,0.40201522037386894,0.33041491359472275,0.07160030864179134,
3,260819,mixed,MIXED,CNN_RNND,5589,0.3162395730614662,0.26787983253598213,0.04835974145680666,
3,260819,mixed,MIXED,CNN_RNND,5590,0.29199884831905365,0.2484709732234478,0.043527877889573574,
3,260819,mixed,MIXED,CNN_RNND,5591,0.4994140937924385,0.3972555994987488,0.10215848963707685,
3,260819,mixed,MIXED,CNN_RNND,5592,0.3440320445224643,0.2803491372615099,0.06368291421676986,
3,260819,mixed,MIXED,CNN_RNND,5593,0.34450680762529373,0.28226063027977943,0.06224618316628039,
3,260819,mixed,MIXED,CNN_RNND,5594,0.18978211842477322,0.1684886496514082,0.021293465106282383,
3,260819,mixed,MIXED,CNN_RNND,5595,0.4313163496553898,0.3455262556672096,0.08579010074026883,
3,260819,mixed,MIXED,CNN_RNND,5596,0.43480100855231285,0.3458010731264949,0.08899993932573125,
3,260819,mixed,MIXED,CNN_RNND,5597,0.34672708809375763,0.2864171043038368,0.06030998006463051,
3,260819,mixed,MIXED,CNN_RNND,5598,0.4527698643505573,0.367247611284256,0.08552226284518838,
3,260819,mixed,MIXED,CNN_RNND,5599,0.41335631161928177,0.3395394906401634,0.07381681818515062,
3,260819,mixed,MIXED,CNN_RNND,5600,0.22293531708419323,0.19362374767661095,0.029311565856914967,-1.0838911136750073
3,260819,mixed,MIXED,CNN_RNND,5601,0.26558733358979225,0.22708646208047867,0.03850086871534586,
3,260819,mixed,MIXED,CNN_RNND,5602,0.3820091784000397,0.31480375677347183,0.06720542348921299,
3,260819,mixed,MIXED,CNN_RNND,5603,0.279466412961483,0.23428398370742798,0.045182430651038885,
3,260819,mixed,MIXED,CNN_RNND,5604,0.41763945296406746,0.3401959165930748,0.07744353404268622,
3,260819,mixed,MIXED,CNN_RNND,5605,0.4619516208767891,0.3672039061784744,0.09474772959947586,
3,260819,mixed,MIXED,CNN_RNND,5606,0.42645592242479324,0.3525608964264393,0.07389502972364426,
3,260819,mixed,MIXED,CNN_RNND,5607,0.38066010922193527,0.3110223673284054,0.06963774329051375,
3,260819,mixed,MIXED,CNN_RNND,5608,0.3231232799589634,0.26693063229322433,0.05619264836423099,
3,260819,mixed,MIXED,CNN_RNND,5609,0.30019954405725,0.24751463532447815,0.052684903086628765,
3,260819,mixed,MIXED,CNN_RNND,5610,0.27594323083758354,0.22966963052749634,0.04627360263839364,
3,260819,mixed,MIXED,CNN_RNND,5611,0.3345673494040966,0.27882149815559387,0.055745846359059215,
3,260819,mixed,MIXED,CNN_RNND,5612,0.4060220643877983,0.3348666578531265,0.07115541212260723,
3,260819,mixed,MIXED,CNN_RNND,5613,0.4399527981877327,0.3489522375166416,0.09100056067109108,
3,260819,mixed,MIXED,CNN_RNND,5614,0.3674114942550659,0.30067307502031326,0.06673841504380107,
3,260819,mixed,MIXED,CNN_RNND,5615,0.5775414109230042,0.46498090773820877,0.11256052553653717,
3,260819,mixed,MIXED,CNN_RNND,5616,0.3617428485304117,0.2918061036616564,0.06993673776742071,
3,260819,mixed,MIXED,CNN_RNND,5617,0.2721675708889961,0.23255213350057602,0.03961543599143624,
3,260819,mixed,MIXED,CNN_RNND,5618,0.3058043122291565,0.261076383292675,0.04472792707383633,
3,260819,mixed,MIXED,CNN_RNND,5619,0.4444965422153473,0.3577747903764248,0.08672175835818052,
3,260819,mixed,MIXED,CNN_RNND,5620,0.2990060932934284,0.25821689516305923,0.040789198596030474,
3,260819,mixed,MIXED,CNN_RNND,5621,0.37552282214164734,0.30749984085559845,0.06802298221737146,
3,260819,mixed,MIXED,CNN_RNND,5622,0.6527171283960342,0.5157508999109268,0.13696623593568802,
3,260819,mixed,MIXED,CNN_RNND,5623,0.5271631851792336,0.42405717819929123,0.10310602653771639,
3,260819,mixed,MIXED,CNN_RNND,5624,0.48096872866153717,0.3774340860545635,0.10353463049978018,
3,260819,mixed,MIXED,CNN_RNND,5625,0.4177137166261673,0.34505433589220047,0.07265938352793455,
3,260819,mixed,MIXED,CNN_RNND,5626,0.46598151326179504,0.3768734335899353,0.08910806849598885,
3,260819,mixed,MIXED,CNN_RNND,5627,0.3074255380779505,0.25560818053781986,0.05181736289523542,
3,260819,mixed,MIXED,CNN_RNND,5628,0.33651965484023094,0.28204357624053955,0.05447607673704624,
3,260819,mixed,MIXED,CNN_RNND,5629,0.36015236750245094,0.29729991033673286,0.06285246089100838,
3,260819,mixed,MIXED,CNN_RNND,5630,0.37548190355300903,0.30897192284464836,0.06650998903205618,
3,260819,mixed,MIXED,CNN_RNND,5631,0.4312547445297241,0.35768478363752365,0.07356996741145849,
3,260819,mixed,MIXED,CNN_RNND,5632,0.35888350009918213,0.30021248012781143,0.058671015314757824,
3,260819,mixed,MIXED,CNN_RNND,5633,0.3198975622653961,0.2651649657636881,0.054732591612264514,
3,260819,mixed,MIXED,CNN_RNND,5634,0.4015347808599472,0.3316556327044964,0.06987914862111211,
3,260819,mixed,MIXED,CNN_RNND,5635,0.44043881446123123,0.35846706479787827,0.08197174780070782,
3,260819,mixed,MIXED,CNN_RNND,5636,0.6065360605716705,0.48125992715358734,0.12527612783014774,
3,260819,mixed,MIXED,CNN_RNND,5637,0.5440452322363853,0.4327591732144356,0.11128606833517551,
3,260819,mixed,MIXED,CNN_RNND,5638,0.5019083097577095,0.4095405116677284,0.09236779063940048,
3,260819,mixed,MIXED,CNN_RNND,5639,0.317045483738184,0.2618534415960312,0.05519203748553991,
3,260819,mixed,MIXED,CNN_RNND,5640,0.7255734950304031,0.5659236758947372,0.1596498154103756,
3,260819,mixed,MIXED,CNN_RNND,5641,0.2815335523337126,0.23576080799102783,0.045772749464958906,
3,260819,mixed,MIXED,CNN_RNND,5642,0.2649596445262432,0.22581038996577263,0.03914925246499479,
3,260819,mixed,MIXED,CNN_RNND,5643,0.4332960285246372,0.3488611951470375,0.08443483151495457,
3,260819,mixed,MIXED,CNN_RNND,5644,0.42480478808283806,0.3432340044528246,0.08157077862415463,
3,260819,mixed,MIXED,CNN_RNND,5645,0.43355588614940643,0.35864967107772827,0.07490622065961361,
3,260819,mixed,MIXED,CNN_RNND,5646,0.4958612471818924,0.3967246785759926,0.09913655929267406,
3,260819,mixed,MIXED,CNN_RNND,5647,0.37029629200696945,0.30672263726592064,0.06357365753501654,
3,260819,mixed,MIXED,CNN_RNND,5648,0.4068888481706381,0.33193815872073174,0.07495069433934987,
3,260819,mixed,MIXED,CNN_RNND,5649,0.3660688027739525,0.30301129817962646,0.06305749528110027,
3,260819,mixed,MIXED,CNN_RNND,5650,0.4484083876013756,0.36107243597507477,0.08733595348894596,
3,260819,mixed,MIXED,CNN_RNND,5651,0.36907240375876427,0.3000497370958328,0.0690226680599153,
3,260819,mixed,MIXED,CNN_RNND,5652,0.47490403801202774,0.38551468402147293,0.08938935212790966,
3,260819,mixed,MIXED,CNN_RNND,5653,0.42433343082666397,0.34530724585056305,0.07902618125081062,
3,260819,mixed,MIXED,CNN_RNND,5654,0.3253757692873478,0.26804735511541367,0.0573284134734422,
3,260819,mixed,MIXED,CNN_RNND,5655,0.35349150002002716,0.28980227932333946,0.06368923024274409,
3,260819,mixed,MIXED,CNN_RNND,5656,0.33324515260756016,0.272234458476305,0.0610106986714527,
3,260819,mixed,MIXED,CNN_RNND,5657,0.3838086724281311,0.3209891840815544,0.06281948834657669,
3,260819,mixed,MIXED,CNN_RNND,5658,0.4204205945134163,0.34238534793257713,0.07803523587062955,
3,260819,mixed,MIXED,CNN_RNND,5659,0.40429750084877014,0.33033406361937523,0.07396343955770135,
3,260819,mixed,MIXED,CNN_RNND,5660,0.3488565944135189,0.28860215097665787,0.06025444716215134,
3,260819,mixed,MIXED,CNN_RNND,5661,0.45712994784116745,0.3725907802581787,0.08453918062150478,
3,260819,mixed,MIXED,CNN_RNND,5662,0.2859521359205246,0.24106839299201965,0.044883741065859795,
3,260819,mixed,MIXED,CNN_RNND,5663,0.530047744512558,0.4284725487232208,0.10157517902553082,
3,260819,mixed,MIXED,CNN_RNND,5664,0.28597747907042503,0.2409567330032587,0.04502074280753732,
3,260819,mixed,MIXED,CNN_RNND,5665,0.38930925354361534,0.3220241852104664,0.0672850669361651,
3,260819,mixed,MIXED,CNN_RNND,5666,0.31206491868942976,0.2560225911438465,0.056042325362795964,
3,260819,mixed,MIXED,CNN_RNND,5667,0.43113065510988235,0.3459726646542549,0.0851579774171114,
3,260819,mixed,MIXED,CNN_RNND,5668,0.4488505907356739,0.3618474490940571,0.08700313605368137,
3,260819,mixed,MIXED,CNN_RNND,5669,0.2989060841500759,0.24628592282533646,0.052620158647187054,
3,260819,mixed,MIXED,CNN_RNND,5670,0.40471484512090683,0.33392205089330673,0.07079279236495495,
3,260819,mixed,MIXED,CNN_RNND,5671,0.32124852389097214,0.27143270522356033,0.049815816804766655,
3,260819,mixed,MIXED,CNN_RNND,5672,0.34865114465355873,0.2785855419933796,0.07006560731679201,
3,260819,mixed,MIXED,CNN_RNND,5673,0.2699272520840168,0.23181639052927494,0.03811086155474186,
3,260819,mixed,MIXED,CNN_RNND,5674,0.4248093366622925,0.34820326417684555,0.07660607248544693,
3,260819,mixed,MIXED,CNN_RNND,5675,0.49979443848133087,0.40051938593387604,0.09927505627274513,
3,260819,mixed,MIXED,CNN_RNND,5676,0.3208111971616745,0.2673359476029873,0.05347524132230319,
3,260819,mixed,MIXED,CNN_RNND,5677,0.2815125770866871,0.23476965352892876,0.04674292588606477,
3,260819,mixed,MIXED,CNN_RNND,5678,0.4873475879430771,0.39151597768068314,0.09583160746842623,
3,260819,mixed,MIXED,CNN_RNND,5679,0.39434969425201416,0.3230045586824417,0.07134514022618532,
3,260819,mixed,MIXED,CNN_RNND,5680,0.42941421642899513,0.34707643277943134,0.08233778178691864,
3,260819,mixed,MIXED,CNN_RNND,5681,0.496946819126606,0.4072142168879509,0.08973260410130024,
3,260819,mixed,MIXED,CNN_RNND,5682,0.39668822288513184,0.32216326147317886,0.07452495791949332,
3,260819,mixed,MIXED,CNN_RNND,5683,0.5031476728618145,0.4037463031709194,0.09940135944634676,
3,260819,mixed,MIXED,CNN_RNND,5684,0.49583204835653305,0.39338694512844086,0.10244510415941477,
3,260819,mixed,MIXED,CNN_RNND,5685,0.43336591124534607,0.34940795600414276,0.0839579557068646,
3,260819,mixed,MIXED,CNN_RNND,5686,0.42270032688975334,0.34349025785923004,0.07921006483957171,
3,260819,mixed,MIXED,CNN_RNND,5687,0.40475038439035416,0.3317684531211853,0.07298192102462053,
3,260819,mixed,MIXED,CNN_RNND,5688,0.41514795646071434,0.33841387182474136,0.07673408521804959,
3,260819,mixed,MIXED,CNN_RNND,5689,0.35777784138917923,0.2903936058282852,0.06738423462957144,
3,260819,mixed,MIXED,CNN_RNND,5690,0.3888317868113518,0.3275904804468155,0.06124130543321371,
3,260819,mixed,MIXED,CNN_RNND,5691,0.3418034091591835,0.28836892917752266,0.053434472531080246,
3,260819,mixed,MIXED,CNN_RNND,5692,0.37975695729255676,0.31475042924284935,0.06500652525573969,
3,260819,mixed,MIXED,CNN_RNND,5693,0.22380110248923302,0.19221661984920502,0.03158448380418122,
3,260819,mixed,MIXED,CNN_RNND,5694,0.4580913744866848,0.3674779236316681,0.09061345690861344,
3,260819,mixed,MIXED,CNN_RNND,5695,0.3052048906683922,0.2601911164820194,0.04501377325505018,
3,260819,mixed,MIXED,CNN_RNND,5696,0.4122953452169895,0.34056225046515465,0.07173308962956071,
3,260819,mixed,MIXED,CNN_RNND,5697,0.2975585572421551,0.25192735716700554,0.04563119588419795,
3,260819,mixed,MIXED,CNN_RNND,5698,0.34968412294983864,0.2924208343029022,0.05726328899618238,
3,260819,mixed,MIXED,CNN_RNND,5699,0.4454627111554146,0.3595128357410431,0.0859498679637909,
3,260819,mixed,MIXED,CNN_RNND,5700,0.3711332678794861,0.303212184458971,0.06792107596993446,
3,260819,mixed,MIXED,CNN_RNND,5701,0.35311129316687584,0.2975083626806736,0.05560293747112155,
3,260819,mixed,MIXED,CNN_RNND,5702,0.5564706176519394,0.43596480786800385,0.12050579115748405,
3,260819,mixed,MIXED,CNN_RNND,5703,0.2862238213419914,0.24714132398366928,0.03908249456435442,
3,260819,mixed,MIXED,CNN_RNND,5704,0.3334759473800659,0.2777952514588833,0.05568069778382778,
3,260819,mixed,MIXED,CNN_RNND,5705,0.35289786756038666,0.2909357212483883,0.06196213816292584,
3,260819,mixed,MIXED,CNN_RNND,5706,0.4294256679713726,0.35062940046191216,0.0787962565664202,
3,260819,mixed,MIXED,CNN_RNND,5707,0.32318239472806454,0.26211345195770264,0.06106894719414413,
3,260819,mixed,MIXED,CNN_RNND,5708,0.4128675311803818,0.34170858561992645,0.07115894835442305,
3,260819,mixed,MIXED,CNN_RNND,5709,0.5389616265892982,0.43443161249160767,0.10453002620488405,
3,260819,mixed,MIXED,CNN_RNND,5710,0.2867400534451008,0.24631551653146744,0.04042453970760107,
3,260819,mixed,MIXED,CNN_RNND,5711,0.22940359264612198,0.19869963079690933,0.03070396342081949,
3,260819,mixed,MIXED,CNN_RNND,5712,0.49318964779376984,0.39401116967201233,0.09917847998440266,
3,260819,mixed,MIXED,CNN_RNND,5713,0.35846447199583054,0.30330890417099,0.05515556829050183,
3,260819,mixed,MIXED,CNN_RNND,5714,0.3743261396884918,0.3116942495107651,0.06263187900185585,
3,260819,mixed,MIXED,CNN_RNND,5715,0.35823531076312065,0.30084946751594543,0.05738584557548165,
3,260819,mixed,MIXED,CNN_RNND,5716,0.2598576880991459,0.2261312771588564,0.033726408146321774,
3,260819,mixed,MIXED,CNN_RNND,5717,0.29718349874019623,0.2515675388276577,0.04561596876010299,
3,260819,mixed,MIXED,CNN_RNND,5718,0.3762236498296261,0.31018717773258686,0.06603646732401103,
3,260819,mixed,MIXED,CNN_RNND,5719,0.36321982741355896,0.2996212840080261,0.06359853036701679,
3,260819,mixed,MIXED,CNN_RNND,5720,0.3408522345125675,0.2858903519809246,0.054961879970505834,
3,260819,mixed,MIXED,CNN_RNND,5721,0.4907774291932583,0.39233702048659325,0.09844040870666504,
3,260819,mixed,MIXED,CNN_RNND,5722,0.3518296219408512,0.29333091899752617,0.058498701080679893,
3,260819,mixed,MIXED,CNN_RNND,5723,0.5013735666871071,0.4032503440976143,0.0981232151389122,
3,260819,mixed,MIXED,CNN_RNND,5724,0.2805602140724659,0.23840181529521942,0.04215839738026261,
3,260819,mixed,MIXED,CNN_RNND,5725,0.5756745934486389,0.46165435016155243,0.11402023211121559,
3,260819,mixed,MIXED,CNN_RNND,5726,0.4206387475132942,0.34608929976820946,0.07454944681376219,
3,260819,mixed,MIXED,CNN_RNND,5727,0.35827332362532616,0.29458440095186234,0.06368892570026219,
3,260819,mixed,MIXED,CNN_RNND,5728,0.43103425204753876,0.35157593339681625,0.07945831213146448,
3,260819,mixed,MIXED,CNN_RNND,5729,0.3227967359125614,0.2729390822350979,0.04985765810124576,
3,260819,mixed,MIXED,CNN_RNND,5730,0.29821230843663216,0.2504880242049694,0.04772427654825151,
3,260819,mixed,MIXED,CNN_RNND,5731,0.4122378006577492,0.3396187834441662,0.07261901814490557,
3,260819,mixed,MIXED,CNN_RNND,5732,0.45721133798360825,0.3716313764452934,0.08557994849979877,
3,260819,mixed,MIXED,CNN_RNND,5733,0.34036538004875183,0.2853897511959076,0.05497562699019909,
3,260819,mixed,MIXED,CNN_RNND,5734,0.379118699580431,0.3140614256262779,0.065057277912274,
3,260819,mixed,MIXED,CNN_RNND,5735,0.4060557633638382,0.3371231108903885,0.06893265154212713,
3,260819,mixed,MIXED,CNN_RNND,5736,0.2689240500330925,0.22822694294154644,0.04069710453040898,
3,260819,mixed,MIXED,CNN_RNND,5737,0.3257039934396744,0.270870104432106,0.054833889938890934,
3,260819,mixed,MIXED,CNN_RNND,5738,0.4734202027320862,0.385027751326561,0.08839246537536383,
3,260819,mixed,MIXED,CNN_RNND,5739,0.4569360613822937,0.37193192541599274,0.08500413130968809,
3,260819,mixed,MIXED,CNN_RNND,5740,0.5132545307278633,0.4128071665763855,0.10044736228883266,
3,260819,mixed,MIXED,CNN_RNND,5741,0.27684901282191277,0.23895202204585075,0.037896990310400724,
3,260819,mixed,MIXED,CNN_RNND,5742,0.4102080911397934,0.33772842586040497,0.07247966295108199,
3,260819,mixed,MIXED,CNN_RNND,5743,0.27620984613895416,0.24129761010408401,0.03491224069148302,
3,260819,mixed,MIXED,CNN_RNND,5744,0.37879542633891106,0.310259573161602,0.06853584386408329,
3,260819,mixed,MIXED,CNN_RNND,5745,0.4815208613872528,0.386505126953125,0.0950157381594181,
3,260819,mixed,MIXED,CNN_RNND,5746,0.474390871822834,0.39030060172080994,0.08409026451408863,
3,260819,mixed,MIXED,CNN_RNND,5747,0.6154054552316666,0.48154814541339874,0.13385731354355812,
3,260819,mixed,MIXED,CNN_RNND,5748,0.36127704940736294,0.29207897931337357,0.06919807207304984,
3,260819,mixed,MIXED,CNN_RNND,5749,0.40264633670449257,0.33334609866142273,0.06930022733286023,
3,260819,mixed,MIXED,CNN_RNND,5750,0.31736601889133453,0.26953762397170067,0.047828398644924164,
3,260819,mixed,MIXED,CNN_RNND,5751,0.44504305720329285,0.3606003224849701,0.08444273192435503,
3,260819,mixed,MIXED,CNN_RNND,5752,0.3531261682510376,0.2879931051284075,0.06513305939733982,
3,260819,mixed,MIXED,CNN_RNND,5753,0.49751557409763336,0.40004371851682663,0.09747184999287128,
3,260819,mixed,MIXED,CNN_RNND,5754,0.6496496051549911,0.5064849406480789,0.14316464960575104,
3,260819,mixed,MIXED,CNN_RNND,5755,0.3920312784612179,0.31930144131183624,0.07272982393624261,
3,260819,mixed,MIXED,CNN_RNND,5756,0.5220360159873962,0.4233553484082222,0.09868067875504494,
3,260819,mixed,MIXED,CNN_RNND,5757,0.4213700443506241,0.3461095467209816,0.07526050042361021,
3,260819,mixed,MIXED,CNN_RNND,5758,0.31687719374895096,0.2643398568034172,0.05253733275458217,
3,260819,mixed,MIXED,CNN_RNND,5759,0.5710917413234711,0.4547351822257042,0.11635656654834747,
3,260819,mixed,MIXED,CNN_RNND,5760,0.27615938521921635,0.23433799110352993,0.04182139417389408,
3,260819,mixed,MIXED,CNN_RNND,5761,0.2122640535235405,0.18262617103755474,0.029637883650138974,
3,260819,mixed,MIXED,CNN_RNND,5762,0.3761306144297123,0.29927973076701164,0.07685087714344263,
3,260819,mixed,MIXED,CNN_RNND,5763,0.33376854099333286,0.2693869359791279,0.06438159785466269,
3,260819,mixed,MIXED,CNN_RNND,5764,0.1904327142983675,0.16075675562024117,0.02967596158850938,
3,260819,mixed,MIXED,CNN_RNND,5765,0.332250963896513,0.2832273133099079,0.049023650120943785,
3,260819,mixed,MIXED,CNN_RNND,5766,0.3012326695024967,0.25229197554290295,0.04894069046713412,
3,260819,mixed,MIXED,CNN_RNND,5767,0.33998987823724747,0.2887314669787884,0.05125840613618493,
3,260819,mixed,MIXED,CNN_RNND,5768,0.35911235213279724,0.29013786651194096,0.06897447918890975,
3,260819,mixed,MIXED,CNN_RNND,5769,0.37982710264623165,0.3080784045159817,0.07174869591835886,
3,260819,mixed,MIXED,CNN_RNND,5770,0.2878439873456955,0.2386467084288597,0.04919727798551321,
3,260819,mixed,MIXED,CNN_RNND,5771,0.5249845907092094,0.4247780293226242,0.10020655486732721,
3,260819,mixed,MIXED,CNN_RNND,5772,0.4228542745113373,0.3477335423231125,0.0751207279972732,
3,260819,mixed,MIXED,CNN_RNND,5773,0.4956016317009926,0.4038582593202591,0.0917433649301529,
3,260819,mixed,MIXED,CNN_RNND,5774,0.3254048600792885,0.2709064744412899,0.054498382785823196,
3,260819,mixed,MIXED,CNN_RNND,5775,0.41761714592576027,0.34449250623583794,0.0731246448121965,
3,260819,mixed,MIXED,CNN_RNND,5776,0.5487150102853775,0.43954288959503174,0.10917212162166834,
3,260819,mixed,MIXED,CNN_RNND,5777,0.36429481767117977,0.30340003594756126,0.0608947862056084,
3,260819,mixed,MIXED,CNN_RNND,5778,0.29654401913285255,0.24734433740377426,0.04919968731701374,
3,260819,mixed,MIXED,CNN_RNND,5779,0.28397105261683464,0.2405320517718792,0.04343900131061673,
3,260819,mixed,MIXED,CNN_RNND,5780,0.3674168139696121,0.3039301261305809,0.06348669342696667,
3,260819,mixed,MIXED,CNN_RNND,5781,0.46510615199804306,0.37519847601652145,0.08990767505019903,
3,260819,mixed,MIXED,CNN_RNND,5782,0.4123174324631691,0.333060622215271,0.0792568042234052,
3,260819,mixed,MIXED,CNN_RNND,5783,0.42070750147104263,0.3365435339510441,0.084163973107934,
3,260819,mixed,MIXED,CNN_RNND,5784,0.45206204056739807,0.3659842871129513,0.08607774088159204,
3,260819,mixed,MIXED,CNN_RNND,5785,0.37605027481913567,0.2989631835371256,0.0770871004788205,
3,260819,mixed,MIXED,CNN_RNND,5786,0.40732963755726814,0.3288046680390835,0.07852496858686209,
3,260819,mixed,MIXED,CNN_RNND,5787,0.3621935024857521,0.30173150449991226,0.06046199845150113,
3,260819,mixed,MIXED,CNN_RNND,5788,0.3919549584388733,0.32674556970596313,0.06520939525216818,
3,260819,mixed,MIXED,CNN_RNND,5789,0.6345677524805069,0.4879004657268524,0.14666727744042873,
3,260819,mixed,MIXED,CNN_RNND,5790,0.5530369430780411,0.4410969167947769,0.11194003000855446,
3,260819,mixed,MIXED,CNN_RNND,5791,0.473431795835495,0.38468343019485474,0.08874836005270481,
3,260819,mixed,MIXED,CNN_RNND,5792,0.432123601436615,0.3560771644115448,0.07604644447565079,
3,260819,mixed,MIXED,CNN_RNND,5793,0.3954734764993191,0.3208242207765579,0.07464926643297076,
3,260819,mixed,MIXED,CNN_RNND,5794,0.3456798940896988,0.2877000458538532,0.05797985498793423,
3,260819,mixed,MIXED,CNN_RNND,5795,0.43489743396639824,0.35766399651765823,0.07723344257101417,
3,260819,mixed,MIXED,CNN_RNND,5796,0.45760956034064293,0.37033531814813614,0.08727423893287778,
3,260819,mixed,MIXED,CNN_RNND,5797,0.388678852468729,0.3212454654276371,0.06743338378146291,
3,260819,mixed,MIXED,CNN_RNND,5798,0.34426170215010643,0.2910829409956932,0.05317876301705837,
3,260819,mixed,MIXED,CNN_RNND,5799,0.5143905580043793,0.41865768283605576,0.09573287516832352,
3,260819,mixed,MIXED,CNN_RNND,5800,0.35978294909000397,0.2948888558894396,0.06489409599453211,-1.0956325865059429
3,260819,mixed,MIXED,CNN_RNND,5801,0.44815022125840187,0.3607850447297096,0.08736516023054719,
3,260819,mixed,MIXED,CNN_RNND,5802,0.2817223500460386,0.24286658689379692,0.03885576769243926,
3,260819,mixed,MIXED,CNN_RNND,5803,0.6142571717500687,0.48605506867170334,0.12820211611688137,
3,260819,mixed,MIXED,CNN_RNND,5804,0.5451972186565399,0.4367165267467499,0.10848069190979004,
3,260819,mixed,MIXED,CNN_RNND,5805,0.4860706850886345,0.3830850124359131,0.10298566427081823,
3,260819,mixed,MIXED,CNN_RNND,5806,0.33537067472934723,0.28493496403098106,0.05043571535497904,
3,260819,mixed,MIXED,CNN_RNND,5807,0.5021478533744812,0.40013783797621727,0.10201000981032848,
3,260819,mixed,MIXED,CNN_RNND,5808,0.4228418245911598,0.3460393697023392,0.07680245256051421,
3,260819,mixed,MIXED,CNN_RNND,5809,0.3623914532363415,0.3018415905535221,0.06054986920207739,
3,260819,mixed,MIXED,CNN_RNND,5810,0.39193325489759445,0.3224766440689564,0.06945661455392838,
3,260819,mixed,MIXED,CNN_RNND,5811,0.4094921238720417,0.3302426114678383,0.07924951007589698,
3,260819,mixed,MIXED,CNN_RNND,5812,0.5496878698468208,0.4380360096693039,0.11165185831487179,
3,260819,mixed,MIXED,CNN_RNND,5813,0.5283010601997375,0.42348727583885193,0.10481379088014364,
3,260819,mixed,MIXED,CNN_RNND,5814,0.41297074407339096,0.3419451005756855,0.07102562906220555,
3,260819,mixed,MIXED,CNN_RNND,5815,0.31319650635123253,0.2697829455137253,0.043413565028458834,
3,260819,mixed,MIXED,CNN_RNND,5816,0.4704790711402893,0.38504984229803085,0.08542922139167786,
3,260819,mixed,MIXED,CNN_RNND,5817,0.435681976377964,0.3590213432908058,0.07666063494980335,
3,260819,mixed,MIXED,CNN_RNND,5818,0.31855687499046326,0.26380199007689953,0.05475488374941051,
3,260819,mixed,MIXED,CNN_RNND,5819,0.37715987116098404,0.30678949505090714,0.07037038449198008,
3,260819,mixed,MIXED,CNN_RNND,5820,0.31675978004932404,0.2674930579960346,0.04926671693101525,
3,260819,mixed,MIXED,CNN_RNND,5821,0.41759438812732697,0.3445896841585636,0.07300470117479563,
3,260819,mixed,MIXED,CNN_RNND,5822,0.38691264018416405,0.3167501874268055,0.07016246160492301,
3,260819,mixed,MIXED,CNN_RNND,5823,0.3896658904850483,0.3180976174771786,0.07156828185543418,
3,260819,mixed,MIXED,CNN_RNND,5824,0.38586995005607605,0.3201736956834793,0.06569624552503228,
3,260819,mixed,MIXED,CNN_RNND,5825,0.5103817656636238,0.4088185951113701,0.10156316915526986,
3,260819,mixed,MIXED,CNN_RNND,5826,0.4810931533575058,0.39064326882362366,0.0904498789459467,
3,260819,mixed,MIXED,CNN_RNND,5827,0.3521781414747238,0.2972363457083702,0.054941798211075366,
3,260819,mixed,MIXED,CNN_RNND,5828,0.42777911201119423,0.351250734180212,0.0765283735236153,
3,260819,mixed,MIXED,CNN_RNND,5829,0.2602916248142719,0.22274690307676792,0.03754472275613807,
3,260819,mixed,MIXED,CNN_RNND,5830,0.41209492459893227,0.33842552453279495,0.07366940146312118,
3,260819,mixed,MIXED,CNN_RNND,5831,0.3302500434219837,0.2725491560995579,0.057700890116393566,
3,260819,mixed,MIXED,CNN_RNND,5832,0.334900438785553,0.2844519391655922,0.0504484954290092,
3,260819,mixed,MIXED,CNN_RNND,5833,0.5219610668718815,0.42553016170859337,0.09643090516328812,
3,260819,mixed,MIXED,CNN_RNND,5834,0.2972766123712063,0.25088780373334885,0.0463888025842607,
3,260819,mixed,MIXED,CNN_RNND,5835,0.42608100548386574,0.34968360513448715,0.07639740034937859,
3,260819,mixed,MIXED,CNN_RNND,5836,0.2765500508248806,0.2352318987250328,0.04131815489381552,
3,260819,mixed,MIXED,CNN_RNND,5837,0.4332534223794937,0.3470042869448662,0.08624914102256298,
3,260819,mixed,MIXED,CNN_RNND,5838,0.33609566651284695,0.27866410091519356,0.05743157066171989,
3,260819,mixed,MIXED,CNN_RNND,5839,0.49979859963059425,0.39540645480155945,0.10439214017242193,
3,260819,mixed,MIXED,CNN_RNND,5840,0.43387632817029953,0.35443732142448425,0.07943900395184755,
3,260819,mixed,MIXED,CNN_RNND,5841,0.3759121298789978,0.3123616464436054,0.06355048529803753,
3,260819,mixed,MIXED,CNN_RNND,5842,0.4219580367207527,0.34809646010398865,0.07386157661676407,
3,260819,mixed,MIXED,CNN_RNND,5843,0.48764409869909286,0.39891553670167923,0.08872856758534908,
3,260819,mixed,MIXED,CNN_RNND,5844,0.4019116535782814,0.3242507316172123,0.07766091916710138,
3,260819,mixed,MIXED,CNN_RNND,5845,0.3648765943944454,0.2932671308517456,0.07160947436932474,
3,260819,mixed,MIXED,CNN_RNND,5846,0.22228500992059708,0.19967884942889214,0.022606158163398504,
3,260819,mixed,MIXED,CNN_RNND,5847,0.33949837274849415,0.2810606583952904,0.0584377134218812,
3,260819,mixed,MIXED,CNN_RNND,5848,0.4897143021225929,0.39439575374126434,0.09531854651868343,
3,260819,mixed,MIXED,CNN_RNND,5849,0.41543975099921227,0.33353015780448914,0.08190960064530373,
3,260819,mixed,MIXED,CNN_RNND,5850,0.512459434568882,0.41278795897960663,0.09967146534472704,
3,260819,mixed,MIXED,CNN_RNND,5851,0.5227896347641945,0.4181298613548279,0.10465976968407631,
3,260819,mixed,MIXED,CNN_RNND,5852,0.2947128936648369,0.24902386590838432,0.045689025544561446,
3,260819,mixed,MIXED,CNN_RNND,5853,0.3858621008694172,0.32182107493281364,0.064041034784168,
3,260819,mixed,MIXED,CNN_RNND,5854,0.26264715380966663,0.22726457938551903,0.03538257005857304,
3,260819,mixed,MIXED,CNN_RNND,5855,0.2604546919465065,0.22113298252224922,0.03932171454653144,
3,260819,mixed,MIXED,CNN_RNND,5856,0.24353394284844398,0.2113535739481449,0.03218036447651684,
3,260819,mixed,MIXED,CNN_RNND,5857,0.5244017839431763,0.4174600839614868,0.10694169718772173,
3,260819,mixed,MIXED,CNN_RNND,5858,0.3089488744735718,0.2608301192522049,0.04811875126324594,
3,260819,mixed,MIXED,CNN_RNND,5859,0.5070946961641312,0.3972953334450722,0.10979937296360731,
3,260819,mixed,MIXED,CNN_RNND,5860,0.6317152976989746,0.49544765800237656,0.1362676341086626,
3,260819,mixed,MIXED,CNN_RNND,5861,0.4712650179862976,0.37615256011486053,0.09511245787143707,
3,260819,mixed,MIXED,CNN_RNND,5862,0.17804593592882156,0.15621938183903694,0.02182655775686726,
3,260819,mixed,MIXED,CNN_RNND,5863,0.32179462909698486,0.2647111304104328,0.05708350706845522,
3,260819,mixed,MIXED,CNN_RNND,5864,0.3067954108119011,0.2546694241464138,0.052125995978713036,
3,260819,mixed,MIXED,CNN_RNND,5865,0.49598290771245956,0.39907156676054,0.09691133350133896,
3,260819,mixed,MIXED,CNN_RNND,5866,0.37887898087501526,0.3061422258615494,0.07273674802854657,
3,260819,mixed,MIXED,CNN_RNND,5867,0.36689668521285057,0.29887135326862335,0.06802533566951752,
3,260819,mixed,MIXED,CNN_RNND,5868,0.3651911988854408,0.3080198150128126,0.05717138311592862,
3,260819,mixed,MIXED,CNN_RNND,5869,0.3024947941303253,0.25792496651411057,0.04456982854753733,
3,260819,mixed,MIXED,CNN_RNND,5870,0.540461890399456,0.43401405215263367,0.10644782707095146,
3,260819,mixed,MIXED,CNN_RNND,5871,0.365280507132411,0.2949098125100136,0.07037069834768772,
3,260819,mixed,MIXED,CNN_RNND,5872,0.40856822207570076,0.3360566832125187,0.07251154724508524,
3,260819,mixed,MIXED,CNN_RNND,5873,0.39445381239056587,0.3198273330926895,0.07462647650390863,
3,260819,mixed,MIXED,CNN_RNND,5874,0.503170520067215,0.40229493007063866,0.10087559325620532,
3,260819,mixed,MIXED,CNN_RNND,5875,0.4195939600467682,0.3490731939673424,0.070520780980587,
3,260819,mixed,MIXED,CNN_RNND,5876,0.29377372190356255,0.25000444054603577,0.04376928089186549,
3,260819,mixed,MIXED,CNN_RNND,5877,0.285376351326704,0.23662398755550385,0.0487523585325107,
3,260819,mixed,MIXED,CNN_RNND,5878,0.4655626751482487,0.3692910894751549,0.09627159219235182,
3,260819,mixed,MIXED,CNN_RNND,5879,0.393813855946064,0.32600029185414314,0.06781355757266283,
3,260819,mixed,MIXED,CNN_RNND,5880,0.41529959067702293,0.33959241956472397,0.0757071734406054,
3,260819,mixed,MIXED,CNN_RNND,5881,0.48865798115730286,0.3929639235138893,0.09569405019283295,
3,260819,mixed,MIXED,CNN_RNND,5882,0.29422779753804207,0.2465626746416092,0.047665124060586095,
3,260819,mixed,MIXED,CNN_RNND,5883,0.46658628061413765,0.37154845148324966,0.0950378286652267,
3,260819,mixed,MIXED,CNN_RNND,5884,0.3215749878436327,0.26619400829076767,0.055380985053488985,
3,260819,mixed,MIXED,CNN_RNND,5885,0.2310819923877716,0.20243330299854279,0.02864868869073689,
3,260819,mixed,MIXED,CNN_RNND,5886,0.5077632963657379,0.4090055301785469,0.09875775687396526,
3,260819,mixed,MIXED,CNN_RNND,5887,0.33512668311595917,0.2820047438144684,0.053121936158277094,
3,260819,mixed,MIXED,CNN_RNND,5888,0.2203931212425232,0.19191927090287209,0.02847384561027866,
3,260819,mixed,MIXED,CNN_RNND,5889,0.4545942023396492,0.370735764503479,0.08385844808071852,
3,260819,mixed,MIXED,CNN_RNND,5890,0.32905617356300354,0.27671027183532715,0.052345890551805496,
3,260819,mixed,MIXED,CNN_RNND,5891,0.4191310219466686,0.34360872581601143,0.0755222934531048,
3,260819,mixed,MIXED,CNN_RNND,5892,0.5760891437530518,0.4593804106116295,0.11670872382819653,
3,260819,mixed,MIXED,CNN_RNND,5893,0.26924773678183556,0.2338396981358528,0.03540804237127304,
3,260819,mixed,MIXED,CNN_RNND,5894,0.34093577414751053,0.282360453158617,0.05857532494701445,
3,260819,mixed,MIXED,CNN_RNND,5895,0.47472209483385086,0.3792802169919014,0.09544187132269144,
3,260819,mixed,MIXED,CNN_RNND,5896,0.32378391548991203,0.26976580917835236,0.05401810724288225,
3,260819,mixed,MIXED,CNN_RNND,5897,0.44514063745737076,0.36310184746980667,0.08203878439962864,
3,260819,mixed,MIXED,CNN_RNND,5898,0.2376760132610798,0.20760882645845413,0.03006718587130308,
3,260819,mixed,MIXED,CNN_RNND,5899,0.4501359108835459,0.3663266450166702,0.0838092653430067,
3,260819,mixed,MIXED,CNN_RNND,5900,0.5209383778274059,0.41812993586063385,0.10280845500528812,
3,260819,mixed,MIXED,CNN_RNND,5901,0.45701202750205994,0.3680785968899727,0.0889334250241518,
3,260819,mixed,MIXED,CNN_RNND,5902,0.5103831812739372,0.41048549115657806,0.09989768080413342,
3,260819,mixed,MIXED,CNN_RNND,5903,0.5927886366844177,0.4694155901670456,0.12337303720414639,
3,260819,mixed,MIXED,CNN_RNND,5904,0.38247957453131676,0.3181946910917759,0.06428488821256906,
3,260819,mixed,MIXED,CNN_RNND,5905,0.4790126532316208,0.37412402033805847,0.10488863289356232,
3,260819,mixed,MIXED,CNN_RNND,5906,0.4187619648873806,0.33869125321507454,0.08007072657346725,
3,260819,mixed,MIXED,CNN_RNND,5907,0.42967385426163673,0.3531487174332142,0.07652513624634594,
3,260819,mixed,MIXED,CNN_RNND,5908,0.37412890046834946,0.31200767308473587,0.06212122552096844,
3,260819,mixed,MIXED,CNN_RNND,5909,0.4205453544855118,0.34260205924510956,0.0779432812705636,
3,260819,mixed,MIXED,CNN_RNND,5910,0.3360346555709839,0.2831960879266262,0.05283856950700283,
3,260819,mixed,MIXED,CNN_RNND,5911,0.5107653811573982,0.40423018485307693,0.10653520748019218,
3,260819,mixed,MIXED,CNN_RNND,5912,0.3328859210014343,0.27522390708327293,0.057662004604935646,
3,260819,mixed,MIXED,CNN_RNND,5913,0.4120378643274307,0.3372144177556038,0.07482345006428659,
3,260819,mixed,MIXED,CNN_RNND,5914,0.40947581827640533,0.33686839789152145,0.07260742597281933,
3,260819,mixed,MIXED,CNN_RNND,5915,0.46348224580287933,0.3788226917386055,0.08465956663712859,
3,260819,mixed,MIXED,CNN_RNND,5916,0.35502175241708755,0.2917194999754429,0.06330225989222527,
3,260819,mixed,MIXED,CNN_RNND,5917,0.42414458096027374,0.34984780102968216,0.07429677899926901,
3,260819,mixed,MIXED,CNN_RNND,5918,0.3219699263572693,0.26897524669766426,0.052994681522250175,
3,260819,mixed,MIXED,CNN_RNND,5919,0.3780924193561077,0.3124411106109619,0.06565129850059748,
3,260819,mixed,MIXED,CNN_RNND,5920,0.3624598030000925,0.29470663517713547,0.06775316246785223,
3,260819,mixed,MIXED,CNN_RNND,5921,0.47893498092889786,0.3905193954706192,0.0884155835956335,
3,260819,mixed,MIXED,CNN_RNND,5922,0.3066611625254154,0.2608181834220886,0.045842974446713924,
3,260819,mixed,MIXED,CNN_RNND,5923,0.405462808907032,0.33287518844008446,0.07258761348202825,
3,260819,mixed,MIXED,CNN_RNND,5924,0.5555499047040939,0.4465557560324669,0.1089941468089819,
3,260819,mixed,MIXED,CNN_RNND,5925,0.3605658523738384,0.29248353838920593,0.0680823135189712,
3,260819,mixed,MIXED,CNN_RNND,5926,0.6307223215699196,0.49631164968013763,0.13441067654639482,
3,260819,mixed,MIXED,CNN_RNND,5927,0.5366697981953621,0.4279908612370491,0.10867893137037754,
3,260819,mixed,MIXED,CNN_RNND,5928,0.3776210695505142,0.3094477504491806,0.06817331863567233,
3,260819,mixed,MIXED,CNN_RNND,5929,0.31203122064471245,0.2581931948661804,0.053838030085898936,
3,260819,mixed,MIXED,CNN_RNND,5930,0.3594248127192259,0.28714223578572273,0.07228258601389825,
3,260819,mixed,MIXED,CNN_RNND,5931,0.46841035783290863,0.38113908842206,0.08727126568555832,
3,260819,mixed,MIXED,CNN_RNND,5932,0.516143836081028,0.40838849544525146,0.10775534249842167,
3,260819,mixed,MIXED,CNN_RNND,5933,0.5345537718385458,0.42834433168172836,0.10620944731635973,
3,260819,mixed,MIXED,CNN_RNND,5934,0.5739684551954269,0.45629411935806274,0.1176743246614933,
3,260819,mixed,MIXED,CNN_RNND,5935,0.42630160227417946,0.3449195697903633,0.08138203527778387,
3,260819,mixed,MIXED,CNN_RNND,5936,0.41240793094038963,0.3387928940355778,0.07361503224819899,
3,260819,mixed,MIXED,CNN_RNND,5937,0.3430713415145874,0.2827967628836632,0.0602745721116662,
3,260819,mixed,MIXED,CNN_RNND,5938,0.4136812873184681,0.3285675309598446,0.08511375775560737,
3,260819,mixed,MIXED,CNN_RNND,5939,0.2646496146917343,0.23102595657110214,0.033623661554884166,
3,260819,mixed,MIXED,CNN_RNND,5940,0.3644752725958824,0.29462241381406784,0.0698528466746211,
3,260819,mixed,MIXED,CNN_RNND,5941,0.5354306548833847,0.4252573773264885,0.11017327755689621,
3,260819,mixed,MIXED,CNN_RNND,5942,0.4027668535709381,0.3353949636220932,0.06737189367413521,
3,260819,mixed,MIXED,CNN_RNND,5943,0.47837281227111816,0.38429083302617073,0.09408198139863089,
3,260819,mixed,MIXED,CNN_RNND,5944,0.347430482506752,0.2827751897275448,0.06465528625994921,
3,260819,mixed,MIXED,CNN_RNND,5945,0.3125564269721508,0.2615599073469639,0.05099651566706598,
3,260819,mixed,MIXED,CNN_RNND,5946,0.33634836226701736,0.27826305106282234,0.058085303753614426,
3,260819,mixed,MIXED,CNN_RNND,5947,0.541874036192894,0.4304833672940731,0.11139066837495193,
3,260819,mixed,MIXED,CNN_RNND,5948,0.32596503011882305,0.268886623904109,0.05707840254763141,
3,260819,mixed,MIXED,CNN_RNND,5949,0.36397541128098965,0.29938415065407753,0.06459126388654113,
3,260819,mixed,MIXED,CNN_RNND,5950,0.3644772619009018,0.3037811517715454,0.060696117114275694,
3,260819,mixed,MIXED,CNN_RNND,5951,0.5868952795863152,0.45706117898225784,0.12983410246670246,
3,260819,mixed,MIXED,CNN_RNND,5952,0.41048917919397354,0.3348901364952326,0.0755990359466523,
3,260819,mixed,MIXED,CNN_RNND,5953,0.6421272307634354,0.5139266401529312,0.12820059806108475,
3,260819,mixed,MIXED,CNN_RNND,5954,0.3741678558290005,0.3048393316566944,0.06932853581383824,
3,260819,mixed,MIXED,CNN_RNND,5955,0.45231858268380165,0.36086438223719597,0.09145420789718628,
3,260819,mixed,MIXED,CNN_RNND,5956,0.4278966560959816,0.34866300225257874,0.07923365477472544,
3,260819,mixed,MIXED,CNN_RNND,5957,0.46309981867671013,0.3702557310461998,0.09284410253167152,
3,260819,mixed,MIXED,CNN_RNND,5958,0.4114999771118164,0.3401670530438423,0.0713329128921032,
3,260819,mixed,MIXED,CNN_RNND,5959,0.42636413872241974,0.34405384957790375,0.08231028914451599,
3,260819,mixed,MIXED,CNN_RNND,5960,0.4723510220646858,0.3832114413380623,0.08913958258926868,
3,260819,mixed,MIXED,CNN_RNND,5961,0.5057386755943298,0.4054248370230198,0.1003138329833746,
3,260819,mixed,MIXED,CNN_RNND,5962,0.3419106490910053,0.28543198853731155,0.056478666607290506,
3,260819,mixed,MIXED,CNN_RNND,5963,0.3268768209964037,0.2696155458688736,0.05726127547677606,
3,260819,mixed,MIXED,CNN_RNND,5964,0.48560892045497894,0.3947208523750305,0.09088807553052902,
3,260819,mixed,MIXED,CNN_RNND,5965,0.4651371240615845,0.37456855177879333,0.09056857321411371,
3,260819,mixed,MIXED,CNN_RNND,5966,0.4700355604290962,0.38415419682860374,0.0858813626691699,
3,260819,mixed,MIXED,CNN_RNND,5967,0.33121964149177074,0.27737937308847904,0.053840271779336035,
3,260819,mixed,MIXED,CNN_RNND,5968,0.4483548775315285,0.367196511477232,0.08115835953503847,
3,260819,mixed,MIXED,CNN_RNND,5969,0.37941574677824974,0.3099473938345909,0.06946835294365883,
3,260819,mixed,MIXED,CNN_RNND,5970,0.31889479979872704,0.2718096524477005,0.04708514828234911,
3,260819,mixed,MIXED,CNN_RNND,5971,0.3584112897515297,0.2883003540337086,0.07011093967594206,
3,260819,mixed,MIXED,CNN_RNND,5972,0.4242931976914406,0.34856756031513214,0.07572563923895359,
3,260819,mixed,MIXED,CNN_RNND,5973,0.3699677921831608,0.3041694462299347,0.06579834164585918,
3,260819,mixed,MIXED,CNN_RNND,5974,0.28606061078608036,0.24413908459246159,0.041921518626622856,
3,260819,mixed,MIXED,CNN_RNND,5975,0.3355215787887573,0.2749420143663883,0.060579560697078705,
3,260819,mixed,MIXED,CNN_RNND,5976,0.4216320626437664,0.3387707583606243,0.08286131406202912,
3,260819,mixed,MIXED,CNN_RNND,5977,0.3809993639588356,0.3164324350655079,0.06456691958010197,
3,260819,mixed,MIXED,CNN_RNND,5978,0.31868964806199074,0.2702064346522093,0.048483212129212916,
3,260819,mixed,MIXED,CNN_RNND,5979,0.38712915033102036,0.31678962148725986,0.07033952383790165,
3,260819,mixed,MIXED,CNN_RNND,5980,0.29716499894857407,0.2550932243466377,0.04207177273929119,
3,260819,mixed,MIXED,CNN_RNND,5981,0.3962560445070267,0.32649416476488113,0.06976186786778271,
3,260819,mixed,MIXED,CNN_RNND,5982,0.405032180249691,0.33005712181329727,0.07497505471110344,
3,260819,mixed,MIXED,CNN_RNND,5983,0.38682902231812477,0.31630128622055054,0.0705277263186872,
3,260819,mixed,MIXED,CNN_RNND,5984,0.320887703448534,0.2660039346665144,0.05488377041183412,
3,260819,mixed,MIXED,CNN_RNND,5985,0.5166391953825951,0.4131890833377838,0.10345012601464987,
3,260819,mixed,MIXED,CNN_RNND,5986,0.42559516429901123,0.34682170301675797,0.07877346593886614,
3,260819,mixed,MIXED,CNN_RNND,5987,0.24723979830741882,0.21578194200992584,0.03145786048844457,
3,260819,mixed,MIXED,CNN_RNND,5988,0.1950397090986371,0.16782373189926147,0.027215979614993557,
3,260819,mixed,MIXED,CNN_RNND,5989,0.28690486401319504,0.24449139088392258,0.04241346754133701,
3,260819,mixed,MIXED,CNN_RNND,5990,0.30735451355576515,0.25129249691963196,0.056062014074996114,
3,260819,mixed,MIXED,CNN_RNND,5991,0.496482789516449,0.406484417617321,0.08999836631119251,
3,260819,mixed,MIXED,CNN_RNND,5992,0.39914269000291824,0.3264826759696007,0.07266001589596272,
3,260819,mixed,MIXED,CNN_RNND,5993,0.3769186846911907,0.31363897025585175,0.06327970931306481,
3,260819,mixed,MIXED,CNN_RNND,5994,0.43102435767650604,0.3518851101398468,0.07913925312459469,
3,260819,mixed,MIXED,CNN_RNND,5995,0.2472877874970436,0.2177906446158886,0.029497149167582393,
3,260819,mixed,MIXED,CNN_RNND,5996,0.4355430193245411,0.34934835880994797,0.08619466423988342,
3,260819,mixed,MIXED,CNN_RNND,5997,0.3520345836877823,0.2995403930544853,0.052494185976684093,
3,260819,mixed,MIXED,CNN_RNND,5998,0.49562378227710724,0.39739757403731346,0.0982262184843421,
3,260819,mixed,MIXED,CNN_RNND,5999,0.3610895462334156,0.30004242062568665,0.06104712327942252,
3,260819,mixed,MIXED,CNN_RNND,6000,0.5711361914873123,0.449699267745018,0.12143692001700401,-1.0982612243497423
3,260819,mixed,MIXED,CNN_RNND,6001,0.34225980937480927,0.27852283604443073,0.06373696471564472,
3,260819,mixed,MIXED,CNN_RNND,6002,0.37242160364985466,0.30865564942359924,0.06376595003530383,
3,260819,mixed,MIXED,CNN_RNND,6003,0.43612781167030334,0.35379989817738533,0.0823279139585793,
3,260819,mixed,MIXED,CNN_RNND,6004,0.44176799058914185,0.36551834270358086,0.07624964602291584,
3,260819,mixed,MIXED,CNN_RNND,6005,0.511454813182354,0.40203943848609924,0.10941538773477077,
3,260819,mixed,MIXED,CNN_RNND,6006,0.20777293480932713,0.1800402496010065,0.027732681715860963,
3,260819,mixed,MIXED,CNN_RNND,6007,0.26279316842556,0.22413187846541405,0.03866128798108548,
3,260819,mixed,MIXED,CNN_RNND,6008,0.6248980760574341,0.49082688242197037,0.13407121039927006,
3,260819,mixed,MIXED,CNN_RNND,6009,0.3749532401561737,0.31516388058662415,0.05978936329483986,
3,260819,mixed,MIXED,CNN_RNND,6010,0.5093777626752853,0.4046001508831978,0.10477761924266815,
3,260819,mixed,MIXED,CNN_RNND,6011,0.3720935359597206,0.30766212940216064,0.06443140562623739,
3,260819,mixed,MIXED,CNN_RNND,6012,0.4948844462633133,0.3992433026432991,0.09564113151282072,
3,260819,mixed,MIXED,CNN_RNND,6013,0.3427716866135597,0.2861597165465355,0.056611967738717794,
3,260819,mixed,MIXED,CNN_RNND,6014,0.3282673805952072,0.2760916203260422,0.05217576236464083,
3,260819,mixed,MIXED,CNN_RNND,6015,0.46274080127477646,0.37940463423728943,0.0833361791446805,
3,260819,mixed,MIXED,CNN_RNND,6016,0.40151961892843246,0.3300698399543762,0.0714497696608305,
3,260819,mixed,MIXED,CNN_RNND,6017,0.24107093829661608,0.20662611536681652,0.03444482691702433,
3,260819,mixed,MIXED,CNN_RNND,6018,0.3142156396061182,0.25913293845951557,0.0550826980615966,
3,260819,mixed,MIXED,CNN_RNND,6019,0.33166202157735825,0.2791547439992428,0.05250726826488972,
3,260819,mixed,MIXED,CNN_RNND,6020,0.3388376720249653,0.2877468653023243,0.05109081231057644,
3,260819,mixed,MIXED,CNN_RNND,6021,0.4112119562923908,0.3348104991018772,0.07640144927427173,
3,260819,mixed,MIXED,CNN_RNND,6022,0.3380250185728073,0.2876746505498886,0.05035036616027355,
3,260819,mixed,MIXED,CNN_RNND,6023,0.4065106213092804,0.3421873673796654,0.06432324647903442,
3,260819,mixed,MIXED,CNN_RNND,6024,0.2001318298280239,0.17193499580025673,0.02819683330017142,
3,260819,mixed,MIXED,CNN_RNND,6025,0.4224628806114197,0.34178808704018593,0.08067480847239494,
3,260819,mixed,MIXED,CNN_RNND,6026,0.45892443507909775,0.3674950897693634,0.09142935182899237,
3,260819,mixed,MIXED,CNN_RNND,6027,0.38211333751678467,0.3214973881840706,0.06061594374477863,
3,260819,mixed,MIXED,CNN_RNND,6028,0.3899993672966957,0.31865788251161575,0.07134148757904768,
3,260819,mixed,MIXED,CNN_RNND,6029,0.443419985473156,0.3646998479962349,0.07872013747692108,
3,260819,mixed,MIXED,CNN_RNND,6030,0.3169231750071049,0.26641741767525673,0.050505760591477156,
3,260819,mixed,MIXED,CNN_RNND,6031,0.48790185153484344,0.39106691628694534,0.0968349389731884,
3,260819,mixed,MIXED,CNN_RNND,6032,0.3328636959195137,0.2783626317977905,0.054501065984368324,
3,260819,mixed,MIXED,CNN_RNND,6033,0.3859035074710846,0.31737956032156944,0.06852395588066429,
3,260819,mixed,MIXED,CNN_RNND,6034,0.37114791944622993,0.3048124574124813,0.0663354555144906,
3,260819,mixed,MIXED,CNN_RNND,6035,0.5732640698552132,0.45616621524095535,0.11709785833954811,
3,260819,mixed,MIXED,CNN_RNND,6036,0.35207825154066086,0.2885349616408348,0.0635432843118906,
3,260819,mixed,MIXED,CNN_RNND,6037,0.49928873032331467,0.40263931453227997,0.0966494157910347,
3,260819,mixed,MIXED,CNN_RNND,6038,0.40418774262070656,0.33371565490961075,0.0704720988869667,
3,260819,mixed,MIXED,CNN_RNND,6039,0.5037358552217484,0.40967153012752533,0.09406433068215847,
3,260819,mixed,MIXED,CNN_RNND,6040,0.3289996385574341,0.2811179868876934,0.04788165958598256,
3,260819,mixed,MIXED,CNN_RNND,6041,0.41229332983493805,0.3362610377371311,0.07603228650987148,
3,260819,mixed,MIXED,CNN_RNND,6042,0.5493082404136658,0.44135931879282,0.1079489253461361,
3,260819,mixed,MIXED,CNN_RNND,6043,0.38410291634500027,0.3096803892403841,0.07442252815235406,
3,260819,mixed,MIXED,CNN_RNND,6044,0.46702297776937485,0.3735973536968231,0.09342562966048717,
3,260819,mixed,MIXED,CNN_RNND,6045,0.3121011294424534,0.2586746346205473,0.05342649685917422,
3,260819,mixed,MIXED,CNN_RNND,6046,0.43932321667671204,0.3610478937625885,0.07827532291412354,
3,260819,mixed,MIXED,CNN_RNND,6047,0.34889715164899826,0.28673699870705605,0.06216015666723251,
3,260819,mixed,MIXED,CNN_RNND,6048,0.33561914786696434,0.29010820388793945,0.045510945841670036,
3,260819,mixed,MIXED,CNN_RNND,6049,0.46084897220134735,0.3759867921471596,0.08486217819154263,
3,260819,mixed,MIXED,CNN_RNND,6050,0.411084808409214,0.3341956399381161,0.07688917592167854,
3,260819,mixed,MIXED,CNN_RNND,6051,0.3525986969470978,0.2914498746395111,0.0611488139256835,
3,260819,mixed,MIXED,CNN_RNND,6052,0.4404197111725807,0.3592068813741207,0.08121283445507288,
3,260819,mixed,MIXED,CNN_RNND,6053,0.2174755884334445,0.1885100044310093,0.028965583856916055,
3,260819,mixed,MIXED,CNN_RNND,6054,0.3284302093088627,0.2723189853131771,0.056111234007403255,
3,260819,mixed,MIXED,CNN_RNND,6055,0.27786810323596,0.23725435510277748,0.04061375092715025,
3,260819,mixed,MIXED,CNN_RNND,6056,0.3525378964841366,0.29944465309381485,0.05309324455447495,
3,260819,mixed,MIXED,CNN_RNND,6057,0.27399908378720284,0.2342512495815754,0.03974783327430487,
3,260819,mixed,MIXED,CNN_RNND,6058,0.2929902020841837,0.24076880887150764,0.05222140195110114,
3,260819,mixed,MIXED,CNN_RNND,6059,0.5554355420172215,0.44656548649072647,0.10887006390839815,
3,260819,mixed,MIXED,CNN_RNND,6060,0.32275514490902424,0.26497688703238964,0.057778262125793844,
3,260819,mixed,MIXED,CNN_RNND,6061,0.38342756032943726,0.31365205347537994,0.06977550964802504,
3,260819,mixed,MIXED,CNN_RNND,6062,0.21594201028347015,0.18556474708020687,0.03037725976901129,
3,260819,mixed,MIXED,CNN_RNND,6063,0.5114170983433723,0.4072120413184166,0.1042050663381815,
3,260819,mixed,MIXED,CNN_RNND,6064,0.3084715008735657,0.2572919651865959,0.051179534289985895,
3,260819,mixed,MIXED,CNN_RNND,6065,0.42024319991469383,0.34935862571001053,0.07088457886129618,
3,260819,mixed,MIXED,CNN_RNND,6066,0.4015337638556957,0.3183728940784931,0.08316086581908166,
3,260819,mixed,MIXED,CNN_RNND,6067,0.7120863646268845,0.5610754489898682,0.1510109268128872,
3,260819,mixed,MIXED,CNN_RNND,6068,0.4047855883836746,0.3263540230691433,0.07843155600130558,
3,260819,mixed,MIXED,CNN_RNND,6069,0.4450073875486851,0.3642083518207073,0.08079903153702617,
3,260819,mixed,MIXED,CNN_RNND,6070,0.5103006660938263,0.41371023654937744,0.0965904351323843,
3,260819,mixed,MIXED,CNN_RNND,6071,0.22705275937914848,0.19410283491015434,0.03294992167502642,
3,260819,mixed,MIXED,CNN_RNND,6072,0.3088887222111225,0.25850021466612816,0.05038849776610732,
3,260819,mixed,MIXED,CNN_RNND,6073,0.4475120138376951,0.36635999754071236,0.08115201164036989,
3,260819,mixed,MIXED,CNN_RNND,6074,0.2930448427796364,0.25120794028043747,0.04183691227808595,
3,260819,mixed,MIXED,CNN_RNND,6075,0.3465176336467266,0.28043203242123127,0.06608559627784416,
3,260819,mixed,MIXED,CNN_RNND,6076,0.4767567440867424,0.3883340284228325,0.08842271007597446,
3,260819,mixed,MIXED,CNN_RNND,6077,0.4649908281862736,0.37807196006178856,0.08691888581961393,
3,260819,mixed,MIXED,CNN_RNND,6078,0.45396675169467926,0.36641277000308037,0.08755397703498602,
3,260819,mixed,MIXED,CNN_RNND,6079,0.47064537554979324,0.3796773925423622,0.09096797835081816,
3,260819,mixed,MIXED,CNN_RNND,6080,0.3938479386270046,0.3249937929213047,0.06885414524003863,
3,260819,mixed,MIXED,CNN_RNND,6081,0.615613654255867,0.48570889234542847,0.1299047637730837,
3,260819,mixed,MIXED,CNN_RNND,6082,0.2805927488952875,0.23476564697921276,0.045827105292119086,
3,260819,mixed,MIXED,CNN_RNND,6083,0.22129656746983528,0.1947789080440998,0.026517664431594312,
3,260819,mixed,MIXED,CNN_RNND,6084,0.49578846991062164,0.4072277098894119,0.08856075443327427,
3,260819,mixed,MIXED,CNN_RNND,6085,0.4308848977088928,0.341868631541729,0.08901626616716385,
3,260819,mixed,MIXED,CNN_RNND,6086,0.3757569380104542,0.309880331158638,0.06587659474462271,
3,260819,mixed,MIXED,CNN_RNND,6087,0.3004389926791191,0.2532537840306759,0.04718520934693515,
3,260819,mixed,MIXED,CNN_RNND,6088,0.4590267688035965,0.37324636429548264,0.08578039333224297,
3,260819,mixed,MIXED,CNN_RNND,6089,0.47879115492105484,0.385172076523304,0.09361907839775085,
3,260819,mixed,MIXED,CNN_RNND,6090,0.32389661483466625,0.27222151681780815,0.05167510162573308,
3,260819,mixed,MIXED,CNN_RNND,6091,0.4349450021982193,0.35627687722444534,0.07866813242435455,
3,260819,mixed,MIXED,CNN_RNND,6092,0.5166199095547199,0.41449417918920517,0.10212571499869227,
3,260819,mixed,MIXED,CNN_RNND,6093,0.4678444303572178,0.37601809203624725,0.09182634111493826,
3,260819,mixed,MIXED,CNN_RNND,6094,0.40790170431137085,0.3239187207072973,0.08398297394160181,
3,260819,mixed,MIXED,CNN_RNND,6095,0.2937767244875431,0.2464541159570217,0.04732260585296899,
3,260819,mixed,MIXED,CNN_RNND,6096,0.3425205945968628,0.2855096571147442,0.05701093457173556,
3,260819,mixed,MIXED,CNN_RNND,6097,0.3390917703509331,0.28539829701185226,0.05369347892701626,
3,260819,mixed,MIXED,CNN_RNND,6098,0.38708537071943283,0.3161783069372177,0.07090705912560225,
3,260819,mixed,MIXED,CNN_RNND,6099,0.3645314835011959,0.29996076971292496,0.06457070354372263,
3,260819,mixed,MIXED,CNN_RNND,6100,0.4603735916316509,0.3749603293836117,0.08541326550766826,
3,260819,mixed,MIXED,CNN_RNND,6101,0.381590761244297,0.3070976063609123,0.07449315255507827,
3,260819,mixed,MIXED,CNN_RNND,6102,0.2997789606451988,0.2525215819478035,0.04725738160777837,
3,260819,mixed,MIXED,CNN_RNND,6103,0.329979345202446,0.275074977427721,0.05490436404943466,
3,260819,mixed,MIXED,CNN_RNND,6104,0.4016793221235275,0.33321521058678627,0.068464120849967,
3,260819,mixed,MIXED,CNN_RNND,6105,0.2811194509267807,0.23334442265331745,0.04777502972865477,
3,260819,mixed,MIXED,CNN_RNND,6106,0.33561742305755615,0.28213559463620186,0.05348183400928974,
3,260819,mixed,MIXED,CNN_RNND,6107,0.41973134130239487,0.3369803726673126,0.08275096397846937,
3,260819,mixed,MIXED,CNN_RNND,6108,0.3051892127841711,0.2559668645262718,0.049222347093746066,
3,260819,mixed,MIXED,CNN_RNND,6109,0.42253652587532997,0.3466982915997505,0.07583823730237782,
3,260819,mixed,MIXED,CNN_RNND,6110,0.49845070391893387,0.40323280543088913,0.09521789383143187,
3,260819,mixed,MIXED,CNN_RNND,6111,0.44295039400458336,0.35867346450686455,0.0842769150622189,
3,260819,mixed,MIXED,CNN_RNND,6112,0.4956575632095337,0.3984820544719696,0.09717550221830606,
3,260819,mixed,MIXED,CNN_RNND,6113,0.5837049260735512,0.4536230340600014,0.1300818994641304,
3,260819,mixed,MIXED,CNN_RNND,6114,0.4160711020231247,0.34286053851246834,0.07321056071668863,
3,260819,mixed,MIXED,CNN_RNND,6115,0.2939027138054371,0.24824544414877892,0.04565726965665817,
3,260819,mixed,MIXED,CNN_RNND,6116,0.4632816016674042,0.3732752092182636,0.09000639244914055,
3,260819,mixed,MIXED,CNN_RNND,6117,0.5053805857896805,0.40431807562708855,0.1010625185444951,
3,260819,mixed,MIXED,CNN_RNND,6118,0.5035354495048523,0.4028327018022537,0.10070274397730827,
3,260819,mixed,MIXED,CNN_RNND,6119,0.5473287478089333,0.4323144629597664,0.11501428857445717,
3,260819,mixed,MIXED,CNN_RNND,6120,0.2995722312480211,0.2484894711524248,0.05108275270322338,
3,260819,mixed,MIXED,CNN_RNND,6121,0.46434933692216873,0.37660430185496807,0.08774504414759576,
3,260819,mixed,MIXED,CNN_RNND,6122,0.4840879738330841,0.39095939695835114,0.09312857408076525,
3,260819,mixed,MIXED,CNN_RNND,6123,0.2930480893701315,0.2418708261102438,0.05117726279422641,
3,260819,mixed,MIXED,CNN_RNND,6124,0.23329191282391548,0.19974686577916145,0.03354504657909274,
3,260819,mixed,MIXED,CNN_RNND,6125,0.36520422995090485,0.3025583978742361,0.06264582613948733,
3,260819,mixed,MIXED,CNN_RNND,6126,0.28403320722281933,0.23618116974830627,0.04785203590290621,
3,260819,mixed,MIXED,CNN_RNND,6127,0.25614506006240845,0.2196449153125286,0.036500149872154,
3,260819,mixed,MIXED,CNN_RNND,6128,0.39732856675982475,0.32209764420986176,0.07523091929033399,
3,260819,mixed,MIXED,CNN_RNND,6129,0.6436678767204285,0.5070890188217163,0.136578856036067,
3,260819,mixed,MIXED,CNN_RNND,6130,0.3147590719163418,0.26585835218429565,0.0489007206633687,
3,260819,mixed,MIXED,CNN_RNND,6131,0.3382691126316786,0.28112110309302807,0.05714801233261824,
3,260819,mixed,MIXED,CNN_RNND,6132,0.5115350279957056,0.4089093077927828,0.10262571286875755,
3,260819,mixed,MIXED,CNN_RNND,6133,0.2439140873029828,0.2033845903351903,0.04052949632750824,
3,260819,mixed,MIXED,CNN_RNND,6134,0.36546002700924873,0.3020425960421562,0.06341743050143123,
3,260819,mixed,MIXED,CNN_RNND,6135,0.34783750027418137,0.29194124042987823,0.05589626124128699,
3,260819,mixed,MIXED,CNN_RNND,6136,0.48080671578645706,0.3961309418082237,0.08467576280236244,
3,260819,mixed,MIXED,CNN_RNND,6137,0.41688916459679604,0.33702438324689865,0.0798647872870788,
3,260819,mixed,MIXED,CNN_RNND,6138,0.5164324566721916,0.4051307961344719,0.11130165820941329,
3,260819,mixed,MIXED,CNN_RNND,6139,0.11077281460165977,0.10663384385406971,0.004138969117775559,
3,260819,mixed,MIXED,CNN_RNND,6140,0.4854582976549864,0.3839102517813444,0.10154803050681949,
3,260819,mixed,MIXED,CNN_RNND,6141,0.47108232229948044,0.37765929102897644,0.09342302568256855,
3,260819,mixed,MIXED,CNN_RNND,6142,0.37301937490701675,0.30735844373703003,0.06566093675792217,
3,260819,mixed,MIXED,CNN_RNND,6143,0.5369019582867622,0.42848432064056396,0.10841762274503708,
3,260819,mixed,MIXED,CNN_RNND,6144,0.38134390115737915,0.31362923979759216,0.06771466182544827,
3,260819,mixed,MIXED,CNN_RNND,6145,0.4335080310702324,0.35215727239847183,0.08135076542384923,
3,260819,mixed,MIXED,CNN_RNND,6146,0.34984975308179855,0.29463859274983406,0.05521115637384355,
3,260819,mixed,MIXED,CNN_RNND,6147,0.4086734615266323,0.3349119499325752,0.07376150321215391,
3,260819,mixed,MIXED,CNN_RNND,6148,0.3002508282661438,0.25481755658984184,0.045433277264237404,
3,260819,mixed,MIXED,CNN_RNND,6149,0.23915287852287292,0.213469248265028,0.025683626998215914,
3,260819,mixed,MIXED,CNN_RNND,6150,0.44544142484664917,0.3627515360713005,0.08268989250063896,
3,260819,mixed,MIXED,CNN_RNND,6151,0.42312384583055973,0.33791055902838707,0.08521329268114641,
3,260819,mixed,MIXED,CNN_RNND,6152,0.43775814585387707,0.35519682615995407,0.08256132766837254,
3,260819,mixed,MIXED,CNN_RNND,6153,0.3982362598180771,0.32559700682759285,0.07263924833387136,
3,260819,mixed,MIXED,CNN_RNND,6154,0.3758203200995922,0.3104309104382992,0.06538941082544625,
3,260819,mixed,MIXED,CNN_RNND,6155,0.3004782907664776,0.24765854328870773,0.05281975260004401,
3,260819,mixed,MIXED,CNN_RNND,6156,0.48157501965761185,0.3854639530181885,0.09611107595264912,
3,260819,mixed,MIXED,CNN_RNND,6157,0.4171309545636177,0.3437342457473278,0.07339672138914466,
3,260819,mixed,MIXED,CNN_RNND,6158,0.3365810848772526,0.2735301237553358,0.06305096170399338,
3,260819,mixed,MIXED,CNN_RNND,6159,0.3446508552879095,0.28304101526737213,0.06160984927555546,
3,260819,mixed,MIXED,CNN_RNND,6160,0.3989182859659195,0.32878053560853004,0.07013775687664747,
3,260819,mixed,MIXED,CNN_RNND,6161,0.3473043479025364,0.2826680913567543,0.06463626027107239,
3,260819,mixed,MIXED,CNN_RNND,6162,0.23300745151937008,0.20159970223903656,0.03140774928033352,
3,260819,mixed,MIXED,CNN_RNND,6163,0.16747341491281986,0.15373588725924492,0.01373753254301846,
3,260819,mixed,MIXED,CNN_RNND,6164,0.41226211935281754,0.33405323326587677,0.07820889260619879,
3,260819,mixed,MIXED,CNN_RNND,6165,0.4917415864765644,0.38977407291531563,0.10196751682087779,
3,260819,mixed,MIXED,CNN_RNND,6166,0.5604712963104248,0.45141665637493134,0.10905465297400951,
3,260819,mixed,MIXED,CNN_RNND,6167,0.3051636051386595,0.2564448919147253,0.048718713922426105,
3,260819,mixed,MIXED,CNN_RNND,6168,0.26990241929888725,0.23665650561451912,0.03324591473210603,
3,260819,mixed,MIXED,CNN_RNND,6169,0.3209051042795181,0.2643878385424614,0.05651727213989943,
3,260819,mixed,MIXED,CNN_RNND,6170,0.28002847731113434,0.23867398500442505,0.04135449510067701,
3,260819,mixed,MIXED,CNN_RNND,6171,0.16788864508271217,0.1513617318123579,0.016526910330867395,
3,260819,mixed,MIXED,CNN_RNND,6172,0.412096980959177,0.3375531919300556,0.0745437890291214,
3,260819,mixed,MIXED,CNN_RNND,6173,0.28943811170756817,0.24421336874365807,0.04522473877295852,
3,260819,mixed,MIXED,CNN_RNND,6174,0.5024998858571053,0.40114229172468185,0.10135759599506855,
3,260819,mixed,MIXED,CNN_RNND,6175,0.42774660885334015,0.3523825854063034,0.07536403089761734,
3,260819,mixed,MIXED,CNN_RNND,6176,0.5555585771799088,0.4540828764438629,0.10147570632398129,
3,260819,mixed,MIXED,CNN_RNND,6177,0.5525641888380051,0.43769433349370956,0.11486985348165035,
3,260819,mixed,MIXED,CNN_RNND,6178,0.592001385986805,0.47045840322971344,0.12154297530651093,
3,260819,mixed,MIXED,CNN_RNND,6179,0.2024103794246912,0.17523284070193768,0.027177536365343258,
3,260819,mixed,MIXED,CNN_RNND,6180,0.4014780428260565,0.3229343891143799,0.07854366244282573,
3,260819,mixed,MIXED,CNN_RNND,6181,0.3747433125972748,0.306710971519351,0.06803232873789966,
3,260819,mixed,MIXED,CNN_RNND,6182,0.3163984101265669,0.2599506136029959,0.05644779675640166,
3,260819,mixed,MIXED,CNN_RNND,6183,0.33835653960704803,0.278816893696785,0.059539639158174396,
3,260819,mixed,MIXED,CNN_RNND,6184,0.29795167222619057,0.26001034677028656,0.03794132824987173,
3,260819,mixed,MIXED,CNN_RNND,6185,0.4851947948336601,0.3931809514760971,0.09201384149491787,
3,260819,mixed,MIXED,CNN_RNND,6186,0.3141208216547966,0.2623625509440899,0.051758270245045424,
3,260819,mixed,MIXED,CNN_RNND,6187,0.36163244768977165,0.3007111996412277,0.060921252239495516,
3,260819,mixed,MIXED,CNN_RNND,6188,0.453691765666008,0.36767707765102386,0.08601467870175838,
3,260819,mixed,MIXED,CNN_RNND,6189,0.33987245708703995,0.28076694905757904,0.05910550896078348,
3,260819,mixed,MIXED,CNN_RNND,6190,0.2574080303311348,0.22151238471269608,0.03589564218418673,
3,260819,mixed,MIXED,CNN_RNND,6191,0.42299241200089455,0.344725850969553,0.07826655387179926,
3,260819,mixed,MIXED,CNN_RNND,6192,0.15490473248064518,0.13661477621644735,0.018289957733941264,
3,260819,mixed,MIXED,CNN_RNND,6193,0.3875744342803955,0.32388097047805786,0.06369346752762794,
3,260819,mixed,MIXED,CNN_RNND,6194,0.49105264246463776,0.4030758962035179,0.0879767443984747,
3,260819,mixed,MIXED,CNN_RNND,6195,0.5612965598702431,0.4465808644890785,0.11471569910645485,
3,260819,mixed,MIXED,CNN_RNND,6196,0.2941287364810705,0.2480441890656948,0.046084553468972445,
3,260819,mixed,MIXED,CNN_RNND,6197,0.48220102302730083,0.38895367085933685,0.09324736008420587,
3,260819,mixed,MIXED,CNN_RNND,6198,0.47068578749895096,0.3814257085323334,0.08926007524132729,
3,260819,mixed,MIXED,CNN_RNND,6199,0.6287450790405273,0.49735579639673233,0.13138928823173046,
3,260819,mixed,MIXED,CNN_RNND,6200,0.38604795187711716,0.3109910786151886,0.07505687978118658,-1.0986992115718035
3,260819,mixed,MIXED,CNN_RNND,6201,0.4144014101475477,0.3359296899288893,0.07847172545734793,
3,260819,mixed,MIXED,CNN_RNND,6202,0.38601458445191383,0.3149911016225815,0.07102348667103797,
3,260819,mixed,MIXED,CNN_RNND,6203,0.32649089582264423,0.26809535920619965,0.058395540312631056,
3,260819,mixed,MIXED,CNN_RNND,6204,0.3200788013637066,0.276351485401392,0.04372731130570173,
3,260819,mixed,MIXED,CNN_RNND,6205,0.3735283985733986,0.3098613917827606,0.06366700454964302,
3,260819,mixed,MIXED,CNN_RNND,6206,0.4824649654328823,0.38432527333498,0.09813968697562814,
3,260819,mixed,MIXED,CNN_RNND,6207,0.38285535760223866,0.3063136152923107,0.0765417413203977,
3,260819,mixed,MIXED,CNN_RNND,6208,0.32369574904441833,0.2695761490613222,0.054119602078571916,
3,260819,mixed,MIXED,CNN_RNND,6209,0.425948079675436,0.3471168056130409,0.07883127080276608,
3,260819,mixed,MIXED,CNN_RNND,6210,0.37322092056274414,0.31150396168231964,0.06171695701777935,
3,260819,mixed,MIXED,CNN_RNND,6211,0.32310803793370724,0.2661284077912569,0.056979629647685215,
3,260819,mixed,MIXED,CNN_RNND,6212,0.28435417264699936,0.2404535673558712,0.04390061885351315,
3,260819,mixed,MIXED,CNN_RNND,6213,0.44201353564858437,0.3581247925758362,0.08388875215314329,
3,260819,mixed,MIXED,CNN_RNND,6214,0.2979714311659336,0.25302429497241974,0.04494713433086872,
3,260819,mixed,MIXED,CNN_RNND,6215,0.34579820185899734,0.2832471430301666,0.06255105510354042,
3,260819,mixed,MIXED,CNN_RNND,6216,0.3795786164700985,0.3110624626278877,0.0685161566361785,
3,260819,mixed,MIXED,CNN_RNND,6217,0.29059605300426483,0.23957859352231026,0.05101746320724487,
3,260819,mixed,MIXED,CNN_RNND,6218,0.37875988334417343,0.3116791881620884,0.06708068354055285,
3,260819,mixed,MIXED,CNN_RNND,6219,0.22682099603116512,0.2002144642174244,0.02660653108614497,
3,260819,mixed,MIXED,CNN_RNND,6220,0.18394498899579048,0.1590017694979906,0.024943216936662793,
3,260819,mixed,MIXED,CNN_RNND,6221,0.44233015924692154,0.3522951826453209,0.09003496682271361,
3,260819,mixed,MIXED,CNN_RNND,6222,0.31737921945750713,0.26690931990742683,0.050469892332330346,
3,260819,mixed,MIXED,CNN_RNND,6223,0.313374612480402,0.2577836140990257,0.055591000826098025,
3,260819,mixed,MIXED,CNN_RNND,6224,0.2977323867380619,0.2536833845078945,0.04404901107773185,
3,260819,mixed,MIXED,CNN_RNND,6225,0.4031911939382553,0.3330872282385826,0.0701039731502533,
3,260819,mixed,MIXED,CNN_RNND,6226,0.41045117005705833,0.3414125517010689,0.06903861556202173,
3,260819,mixed,MIXED,CNN_RNND,6227,0.35612352192401886,0.29674265161156654,0.059380867052823305,
3,260819,mixed,MIXED,CNN_RNND,6228,0.4187828004360199,0.3454003110527992,0.07338248332962394,
3,260819,mixed,MIXED,CNN_RNND,6229,0.3515529837459326,0.2846362954005599,0.06691669794963673,
3,260819,mixed,MIXED,CNN_RNND,6230,0.3239714726805687,0.2771143540740013,0.046857116743922234,
3,260819,mixed,MIXED,CNN_RNND,6231,0.3080899268388748,0.2639855928719044,0.044104332104325294,
3,260819,mixed,MIXED,CNN_RNND,6232,0.6138442605733871,0.4852021038532257,0.12864216975867748,
3,260819,mixed,MIXED,CNN_RNND,6233,0.4204855225980282,0.3407402038574219,0.07974532492517028,
3,260819,mixed,MIXED,CNN_RNND,6234,0.4765612483024597,0.38410238921642303,0.09245885536074638,
3,260819,mixed,MIXED,CNN_RNND,6235,0.32711904868483543,0.27772900462150574,0.04939004499465227,
3,260819,mixed,MIXED,CNN_RNND,6236,0.55250134319067,0.4313070550560951,0.12119430210441351,
3,260819,mixed,MIXED,CNN_RNND,6237,0.5003268979489803,0.39908573776483536,0.10124117229133844,
3,260819,mixed,MIXED,CNN_RNND,6238,0.3048258423805237,0.2548024021089077,0.050023434683680534,
3,260819,mixed,MIXED,CNN_RNND,6239,0.2112688422203064,0.18405868858098984,0.027210152155021206,
3,260819,mixed,MIXED,CNN_RNND,6240,0.4566601812839508,0.3704477325081825,0.08621245250105858,
3,260819,mixed,MIXED,CNN_RNND,6241,0.42032159864902496,0.3416798859834671,0.07864171080291271,
3,260819,mixed,MIXED,CNN_RNND,6242,0.3867780938744545,0.31546058505773544,0.07131749950349331,
3,260819,mixed,MIXED,CNN_RNND,6243,0.2479156982153654,0.209377221763134,0.038538482709554955,
3,260819,mixed,MIXED,CNN_RNND,6244,0.39716292452067137,0.32452277932316065,0.07264014054089785,
3,260819,mixed,MIXED,CNN_RNND,6245,0.5891243442893028,0.4636656530201435,0.12545869406312704,
3,260819,mixed,MIXED,CNN_RNND,6246,0.2780709471553564,0.2353079915046692,0.04276295693125576,
3,260819,mixed,MIXED,CNN_RNND,6247,0.47479039058089256,0.37818237394094467,0.09660802129656076,
3,260819,mixed,MIXED,CNN_RNND,6248,0.3218935951590538,0.27196644246578217,0.04992714710533619,
3,260819,mixed,MIXED,CNN_RNND,6249,0.4376216344535351,0.35670728981494904,0.08091434743255377,
3,260819,mixed,MIXED,CNN_RNND,6250,0.27760182693600655,0.24134564027190208,0.03625618712976575,
3,260819,mixed,MIXED,CNN_RNND,6251,0.42950885742902756,0.34628745168447495,0.08322141331154853,
3,260819,mixed,MIXED,CNN_RNND,6252,0.4339282661676407,0.3546998128294945,0.07922845706343651,
3,260819,mixed,MIXED,CNN_RNND,6253,0.38131775707006454,0.31249912455677986,0.06881862645968795,
3,260819,mixed,MIXED,CNN_RNND,6254,0.5549169480800629,0.43743547797203064,0.11748146638274193,
3,260819,mixed,MIXED,CNN_RNND,6255,0.4113236106932163,0.3356824517250061,0.07564115803688765,
3,260819,mixed,MIXED,CNN_RNND,6256,0.3441301919519901,0.28345492109656334,0.060675271321088076,
3,260819,mixed,MIXED,CNN_RNND,6257,0.59792260825634,0.46932583302259445,0.12859678268432617,
3,260819,mixed,MIXED,CNN_RNND,6258,0.4748143032193184,0.3791540823876858,0.09566022083163261,
3,260819,mixed,MIXED,CNN_RNND,6259,0.5813268944621086,0.4594340845942497,0.12189281545579433,
3,260819,mixed,MIXED,CNN_RNND,6260,0.4405669495463371,0.3605896010994911,0.07997734379023314,
3,260819,mixed,MIXED,CNN_RNND,6261,0.45893577486276627,0.37785350531339645,0.08108226861804724,
3,260819,mixed,MIXED,CNN_RNND,6262,0.33723384141921997,0.28393693268299103,0.05329690873622894,
3,260819,mixed,MIXED,CNN_RNND,6263,0.2095005176961422,0.1837367992848158,0.02576371841132641,
3,260819,mixed,MIXED,CNN_RNND,6264,0.4135228097438812,0.3372233472764492,0.0762994674150832,
3,260819,mixed,MIXED,CNN_RNND,6265,0.3025058712810278,0.24748335592448711,0.05502250441350043,
3,260819,mixed,MIXED,CNN_RNND,6266,0.45368433743715286,0.36675989627838135,0.08692443929612637,
3,260819,mixed,MIXED,CNN_RNND,6267,0.346476923674345,0.2847279105335474,0.061749011161737144,
3,260819,mixed,MIXED,CNN_RNND,6268,0.38897504284977913,0.3254403844475746,0.06353465374559164,
3,260819,mixed,MIXED,CNN_RNND,6269,0.39582716301083565,0.3249709792435169,0.07085618400014937,
3,260819,mixed,MIXED,CNN_RNND,6270,0.4264410361647606,0.34342408180236816,0.08301694877445698,
3,260819,mixed,MIXED,CNN_RNND,6271,0.21105565130710602,0.185059554874897,0.025996093172580004,
3,260819,mixed,MIXED,CNN_RNND,6272,0.38688400387763977,0.3207637257874012,0.06612026714719832,
3,260819,mixed,MIXED,CNN_RNND,6273,0.3140135668218136,0.2652642074972391,0.04874935664702207,
3,260819,mixed,MIXED,CNN_RNND,6274,0.4387631118297577,0.35835640877485275,0.08040669560432434,
3,260819,mixed,MIXED,CNN_RNND,6275,0.3452633023262024,0.29261280223727226,0.05265049636363983,
3,260819,mixed,MIXED,CNN_RNND,6276,0.597093902528286,0.46905606612563133,0.12803782895207405,
3,260819,mixed,MIXED,CNN_RNND,6277,0.4767564609646797,0.3876548483967781,0.08910161629319191,
3,260819,mixed,MIXED,CNN_RNND,6278,0.399891622364521,0.3342444524168968,0.0656471736729145,
3,260819,mixed,MIXED,CNN_RNND,6279,0.4076170064508915,0.3300543148070574,0.07756268279626966,
3,260819,mixed,MIXED,CNN_RNND,6280,0.40342891216278076,0.3283594697713852,0.07506943866610527,
3,260819,mixed,MIXED,CNN_RNND,6281,0.49786191433668137,0.39473675191402435,0.10312515310943127,
3,260819,mixed,MIXED,CNN_RNND,6282,0.6020599380135536,0.4812964051961899,0.12076353840529919,
3,260819,mixed,MIXED,CNN_RNND,6283,0.3840426206588745,0.31990472227334976,0.06413790117949247,
3,260819,mixed,MIXED,CNN_RNND,6284,0.39380311965942383,0.320094246417284,0.0737088710302487,
3,260819,mixed,MIXED,CNN_RNND,6285,0.4939582571387291,0.3999815955758095,0.09397666528820992,
3,260819,mixed,MIXED,CNN_RNND,6286,0.3323492370545864,0.2808024026453495,0.05154684232547879,
3,260819,mixed,MIXED,CNN_RNND,6287,0.4296121709048748,0.3513312563300133,0.07828092342242599,
3,260819,mixed,MIXED,CNN_RNND,6288,0.5581954196095467,0.4466887526214123,0.11150665394961834,
3,260819,mixed,MIXED,CNN_RNND,6289,0.2737853527069092,0.23228294774889946,0.041502410313114524,
3,260819,mixed,MIXED,CNN_RNND,6290,0.2740449532866478,0.23022839054465294,0.043816559948027134,
3,260819,mixed,MIXED,CNN_RNND,6291,0.3852562941610813,0.3202098086476326,0.06504648132249713,
3,260819,mixed,MIXED,CNN_RNND,6292,0.4550739750266075,0.36833927780389786,0.08673470374196768,
3,260819,mixed,MIXED,CNN_RNND,6293,0.579912856221199,0.46802619099617004,0.1118866614997387,
3,260819,mixed,MIXED,CNN_RNND,6294,0.4199340380728245,0.3471217751502991,0.07281225081533194,
3,260819,mixed,MIXED,CNN_RNND,6295,0.38383978605270386,0.31916697323322296,0.06467281468212605,
3,260819,mixed,MIXED,CNN_RNND,6296,0.507247731089592,0.40660158544778824,0.10064615309238434,
3,260819,mixed,MIXED,CNN_RNND,6297,0.41856276243925095,0.3442890867590904,0.07427367614582181,
3,260819,mixed,MIXED,CNN_RNND,6298,0.3884466737508774,0.3214469514787197,0.06699972227215767,
3,260819,mixed,MIXED,CNN_RNND,6299,0.345648180693388,0.2931864932179451,0.05246169678866863,
3,260819,mixed,MIXED,CNN_RNND,6300,0.44397882372140884,0.3651175796985626,0.07886124774813652,
3,260819,mixed,MIXED,CNN_RNND,6301,0.25839703157544136,0.2199799120426178,0.03841711551649496,
3,260819,mixed,MIXED,CNN_RNND,6302,0.5496915876865387,0.44286327064037323,0.10682830959558487,
3,260819,mixed,MIXED,CNN_RNND,6303,0.3294793516397476,0.27945609018206596,0.050023265182971954,
3,260819,mixed,MIXED,CNN_RNND,6304,0.45249171555042267,0.36586902290582657,0.08662269450724125,
3,260819,mixed,MIXED,CNN_RNND,6305,0.320321761071682,0.2667314223945141,0.05359033755667042,
3,260819,mixed,MIXED,CNN_RNND,6306,0.35834185034036636,0.29211411997675896,0.06622772081755102,
3,260819,mixed,MIXED,CNN_RNND,6307,0.36641616746783257,0.29498351365327835,0.07143265480408445,
3,260819,mixed,MIXED,CNN_RNND,6308,0.19509374909102917,0.17654001340270042,0.018553733418229967,
3,260819,mixed,MIXED,CNN_RNND,6309,0.5665784403681755,0.45341822504997253,0.11316019855439663,
3,260819,mixed,MIXED,CNN_RNND,6310,0.3692203126847744,0.3029923103749752,0.06622801534831524,
3,260819,mixed,MIXED,CNN_RNND,6311,0.31134019419550896,0.2558920830488205,0.05544811475556344,
3,260819,mixed,MIXED,CNN_RNND,6312,0.3131770081818104,0.26450537890195847,0.04867163673043251,
3,260819,mixed,MIXED,CNN_RNND,6313,0.4698079116642475,0.37568499147892,0.09412292670458555,
3,260819,mixed,MIXED,CNN_RNND,6314,0.5055901035666466,0.40783438086509705,0.09775571152567863,
3,260819,mixed,MIXED,CNN_RNND,6315,0.30053360015153885,0.2542995195835829,0.04623407777398825,
3,260819,mixed,MIXED,CNN_RNND,6316,0.30286114662885666,0.2465001456439495,0.05636100692208856,
3,260819,mixed,MIXED,CNN_RNND,6317,0.32366065215319395,0.2663261257112026,0.05733452891581692,
3,260819,mixed,MIXED,CNN_RNND,6318,0.6424363404512405,0.503529816865921,0.13890652358531952,
3,260819,mixed,MIXED,CNN_RNND,6319,0.34088993445038795,0.28132942877709866,0.059560506080742925,
3,260819,mixed,MIXED,CNN_RNND,6320,0.512237910181284,0.40698250383138657,0.10525541286915541,
3,260819,mixed,MIXED,CNN_RNND,6321,0.302599985152483,0.25230105221271515,0.050298932706937194,
3,260819,mixed,MIXED,CNN_RNND,6322,0.41661249473690987,0.33415234088897705,0.08246016170596704,
3,260819,mixed,MIXED,CNN_RNND,6323,0.4518514946103096,0.3704730235040188,0.08137846365571022,
3,260819,mixed,MIXED,CNN_RNND,6324,0.3317316062748432,0.2773839049041271,0.05434769857674837,
3,260819,mixed,MIXED,CNN_RNND,6325,0.3623548895120621,0.2995217815041542,0.06283310800790787,
3,260819,mixed,MIXED,CNN_RNND,6326,0.4706890285015106,0.3782454654574394,0.09244356863200665,
3,260819,mixed,MIXED,CNN_RNND,6327,0.3015414997935295,0.2519725486636162,0.04956895858049393,
3,260819,mixed,MIXED,CNN_RNND,6328,0.5659722462296486,0.4646129384636879,0.10135931335389614,
3,260819,mixed,MIXED,CNN_RNND,6329,0.38760167360305786,0.31767522543668747,0.0699264444410801,
3,260819,mixed,MIXED,CNN_RNND,6330,0.42712102457880974,0.3549331948161125,0.07218781765550375,
3,260819,mixed,MIXED,CNN_RNND,6331,0.4411320388317108,0.35803311318159103,0.08309892402030528,
3,260819,mixed,MIXED,CNN_RNND,6332,0.30583640187978745,0.2602156549692154,0.04562075017020106,
3,260819,mixed,MIXED,CNN_RNND,6333,0.3671029135584831,0.310282863676548,0.05682005174458027,
3,260819,mixed,MIXED,CNN_RNND,6334,0.2510150447487831,0.20751174166798592,0.04350330200395547,
3,260819,mixed,MIXED,CNN_RNND,6335,0.20856407657265663,0.1841670125722885,0.02439705841243267,
3,260819,mixed,MIXED,CNN_RNND,6336,0.2528964448720217,0.21799873374402523,0.03489771382010076,
3,260819,mixed,MIXED,CNN_RNND,6337,0.3818456418812275,0.3122037574648857,0.06964188884012401,
3,260819,mixed,MIXED,CNN_RNND,6338,0.46959188580513,0.3783279359340668,0.09126394242048264,
3,260819,mixed,MIXED,CNN_RNND,6339,0.5536053292453289,0.438052412122488,0.11555292550474405,
3,260819,mixed,MIXED,CNN_RNND,6340,0.2923964373767376,0.24787681363523006,0.04451962484745309,
3,260819,mixed,MIXED,CNN_RNND,6341,0.1554768569767475,0.1357243899255991,0.019752466905629262,
3,260819,mixed,MIXED,CNN_RNND,6342,0.2980671487748623,0.24590932205319405,0.05215781833976507,
3,260819,mixed,MIXED,CNN_RNND,6343,0.3122992180287838,0.2635698653757572,0.04872934892773628,
3,260819,mixed,MIXED,CNN_RNND,6344,0.40384453535079956,0.3316334895789623,0.07221104390919209,
3,260819,mixed,MIXED,CNN_RNND,6345,0.3082301877439022,0.25018640886992216,0.05804377549793571,
3,260819,mixed,MIXED,CNN_RNND,6346,0.47769560664892197,0.39107653498649597,0.08661906607449055,
3,260819,mixed,MIXED,CNN_RNND,6347,0.42530424892902374,0.3434804007411003,0.08182384446263313,
3,260819,mixed,MIXED,CNN_RNND,6348,0.43798770755529404,0.35598983243107796,0.0819978779181838,
3,260819,mixed,MIXED,CNN_RNND,6349,0.5357577502727509,0.4276965707540512,0.10806119441986084,
3,260819,mixed,MIXED,CNN_RNND,6350,0.39020031690597534,0.32290733605623245,0.0672929824795574,
3,260819,mixed,MIXED,CNN_RNND,6351,0.44244208186864853,0.35970163345336914,0.08274046378210187,
3,260819,mixed,MIXED,CNN_RNND,6352,0.4767456352710724,0.39299721270799637,0.08374841418117285,
3,260819,mixed,MIXED,CNN_RNND,6353,0.3858456425368786,0.3208839073777199,0.06496173422783613,
3,260819,mixed,MIXED,CNN_RNND,6354,0.4902772009372711,0.3951420485973358,0.09513514675199986,
3,260819,mixed,MIXED,CNN_RNND,6355,0.3427417129278183,0.28487008437514305,0.05787161365151405,
3,260819,mixed,MIXED,CNN_RNND,6356,0.38529444113373756,0.3167622573673725,0.06853219121694565,
3,260819,mixed,MIXED,CNN_RNND,6357,0.5596694424748421,0.4485386535525322,0.111130784265697,
3,260819,mixed,MIXED,CNN_RNND,6358,0.40883520245552063,0.3370543345808983,0.07178086414933205,
3,260819,mixed,MIXED,CNN_RNND,6359,0.44598526507616043,0.36027567088603973,0.08570958243217319,
3,260819,mixed,MIXED,CNN_RNND,6360,0.5461600348353386,0.44019000232219696,0.10597004741430283,
3,260819,mixed,MIXED,CNN_RNND,6361,0.4903799518942833,0.39066602662205696,0.09971392853185534,
3,260819,mixed,MIXED,CNN_RNND,6362,0.4299964979290962,0.3551328107714653,0.07486369460821152,
3,260819,mixed,MIXED,CNN_RNND,6363,0.40888115018606186,0.333765871822834,0.07511527696624398,
3,260819,mixed,MIXED,CNN_RNND,6364,0.40150031447410583,0.3310660421848297,0.07043426483869553,
3,260819,mixed,MIXED,CNN_RNND,6365,0.3852483667433262,0.31626344099640846,0.06898492015898228,
3,260819,mixed,MIXED,CNN_RNND,6366,0.40685203671455383,0.33408867195248604,0.07276335987262428,
3,260819,mixed,MIXED,CNN_RNND,6367,0.5155082680284977,0.4137415215373039,0.1017667418345809,
3,260819,mixed,MIXED,CNN_RNND,6368,0.37027971260249615,0.30983129888772964,0.06044841924449429,
3,260819,mixed,MIXED,CNN_RNND,6369,0.39403884299099445,0.32561228796839714,0.0684265538584441,
3,260819,mixed,MIXED,CNN_RNND,6370,0.47681615874171257,0.37740061432123184,0.09941553906537592,
3,260819,mixed,MIXED,CNN_RNND,6371,0.3339330479502678,0.27495457231998444,0.05897847795858979,
3,260819,mixed,MIXED,CNN_RNND,6372,0.29579099640250206,0.2446490004658699,0.05114199756644666,
3,260819,mixed,MIXED,CNN_RNND,6373,0.312985859811306,0.26034049317240715,0.05264536722097546,
3,260819,mixed,MIXED,CNN_RNND,6374,0.22327741980552673,0.1913646012544632,0.03191282053012401,
3,260819,mixed,MIXED,CNN_RNND,6375,0.3513544574379921,0.2873211093246937,0.06403334258357063,
3,260819,mixed,MIXED,CNN_RNND,6376,0.26675422117114067,0.22860635071992874,0.03814786858856678,
3,260819,mixed,MIXED,CNN_RNND,6377,0.4152950346469879,0.3464818000793457,0.06881323922425508,
3,260819,mixed,MIXED,CNN_RNND,6378,0.4112560600042343,0.3332950994372368,0.07796095591038465,
3,260819,mixed,MIXED,CNN_RNND,6379,0.5740161389112473,0.4604540094733238,0.11356212571263313,
3,260819,mixed,MIXED,CNN_RNND,6380,0.33834417536854744,0.285536739975214,0.05280744144693017,
3,260819,mixed,MIXED,CNN_RNND,6381,0.36533875949680805,0.3036325164139271,0.06170624471269548,
3,260819,mixed,MIXED,CNN_RNND,6382,0.13119716756045818,0.12151629850268364,0.009680866613052785,
3,260819,mixed,MIXED,CNN_RNND,6383,0.24372385255992413,0.20865344256162643,0.035070407029706985,
3,260819,mixed,MIXED,CNN_RNND,6384,0.4603939615190029,0.3743720203638077,0.08602194394916296,
3,260819,mixed,MIXED,CNN_RNND,6385,0.22759351693093777,0.199834194034338,0.027759321848861873,
3,260819,mixed,MIXED,CNN_RNND,6386,0.4200158268213272,0.3373757302761078,0.08264010027050972,
3,260819,mixed,MIXED,CNN_RNND,6387,0.3087019622325897,0.26495660841464996,0.04374534543603659,
3,260819,mixed,MIXED,CNN_RNND,6388,0.46011974290013313,0.3700212612748146,0.09009848348796368,
3,260819,mixed,MIXED,CNN_RNND,6389,0.20879776775836945,0.17557738348841667,0.03322038537589833,
3,260819,mixed,MIXED,CNN_RNND,6390,0.2909737378358841,0.24940495193004608,0.0415687799686566,
3,260819,mixed,MIXED,CNN_RNND,6391,0.376974618062377,0.31028017587959766,0.06669444011640735,
3,260819,mixed,MIXED,CNN_RNND,6392,0.3941059373319149,0.3266478255391121,0.06745810713618994,
3,260819,mixed,MIXED,CNN_RNND,6393,0.3900032714009285,0.31920940056443214,0.07079387130215764,
3,260819,mixed,MIXED,CNN_RNND,6394,0.29083336517214775,0.24432385712862015,0.04650951083749533,
3,260819,mixed,MIXED,CNN_RNND,6395,0.29807164520025253,0.2531057968735695,0.044965857872739434,
3,260819,mixed,MIXED,CNN_RNND,6396,0.1909253839403391,0.16982947289943695,0.021095909760333598,
3,260819,mixed,MIXED,CNN_RNND,6397,0.3744223415851593,0.3077349103987217,0.06668742559850216,
3,260819,mixed,MIXED,CNN_RNND,6398,0.2297929897904396,0.20395947620272636,0.025833515916019678,
3,260819,mixed,MIXED,CNN_RNND,6399,0.29912377148866653,0.25762147456407547,0.04150228854268789,
3,260819,mixed,MIXED,CNN_RNND,6400,0.40529607236385345,0.336758304387331,0.06853775680065155,-1.08537427904779
3,260819,mixed,MIXED,CNN_RNND,6401,0.5429258272051811,0.439251646399498,0.10367417708039284,
3,260819,mixed,MIXED,CNN_RNND,6402,0.5008760988712311,0.40476205199956894,0.09611404873430729,
3,260819,mixed,MIXED,CNN_RNND,6403,0.5906022638082504,0.4678575396537781,0.1227447334676981,
3,260819,mixed,MIXED,CNN_RNND,6404,0.39487073197960854,0.3186563476920128,0.07621438743080944,
3,260819,mixed,MIXED,CNN_RNND,6405,0.5354545563459396,0.4276634156703949,0.10779114440083504,
3,260819,mixed,MIXED,CNN_RNND,6406,0.47301457822322845,0.382773719727993,0.09024085476994514,
3,260819,mixed,MIXED,CNN_RNND,6407,0.3476749248802662,0.29784025251865387,0.049834672594442964,
3,260819,mixed,MIXED,CNN_RNND,6408,0.5067724362015724,0.4098932445049286,0.0968791889026761,
3,260819,mixed,MIXED,CNN_RNND,6409,0.4447163827717304,0.36150676757097244,0.08320961473509669,
3,260819,mixed,MIXED,CNN_RNND,6410,0.5253499522805214,0.42195384949445724,0.10339611396193504,
3,260819,mixed,MIXED,CNN_RNND,6411,0.3051349110901356,0.25603143125772476,0.04910348239354789,
3,260819,mixed,MIXED,CNN_RNND,6412,0.5103330910205841,0.40659668296575546,0.10373641550540924,
3,260819,mixed,MIXED,CNN_RNND,6413,0.4271828196942806,0.34966982528567314,0.07751299347728491,
3,260819,mixed,MIXED,CNN_RNND,6414,0.3776952736079693,0.31846990808844566,0.05922535574063659,
3,260819,mixed,MIXED,CNN_RNND,6415,0.5681777521967888,0.4556771293282509,0.11250063590705395,
3,260819,mixed,MIXED,CNN_RNND,6416,0.48082323372364044,0.39007993787527084,0.090743288397789,
3,260819,mixed,MIXED,CNN_RNND,6417,0.3876603990793228,0.3201452046632767,0.06751519907265902,
3,260819,mixed,MIXED,CNN_RNND,6418,0.3425474539399147,0.2877909392118454,0.054756509605795145,
3,260819,mixed,MIXED,CNN_RNND,6419,0.396730974316597,0.31795744597911835,0.07877351948991418,
3,260819,mixed,MIXED,CNN_RNND,6420,0.4596754461526871,0.3678979389369488,0.09177750395610929,
3,260819,mixed,MIXED,CNN_RNND,6421,0.40690162032842636,0.33381396904587746,0.07308764918707311,
3,260819,mixed,MIXED,CNN_RNND,6422,0.43189775198698044,0.3591473437845707,0.07275039330124855,
3,260819,mixed,MIXED,CNN_RNND,6423,0.4264436215162277,0.3534015044569969,0.07304211892187595,
3,260819,mixed,MIXED,CNN_RNND,6424,0.3506348766386509,0.2913898341357708,0.059245041105896235,
3,260819,mixed,MIXED,CNN_RNND,6425,0.48009922355413437,0.3877071291208267,0.09239208791404963,
3,260819,mixed,MIXED,CNN_RNND,6426,0.46976718306541443,0.3765971437096596,0.09317003190517426,
3,260819,mixed,MIXED,CNN_RNND,6427,0.31348955258727074,0.26378416642546654,0.04970538942143321,
3,260819,mixed,MIXED,CNN_RNND,6428,0.4983506128191948,0.4055979549884796,0.09275264106690884,
3,260819,mixed,MIXED,CNN_RNND,6429,0.5119363367557526,0.4108864516019821,0.1010498832911253,
3,260819,mixed,MIXED,CNN_RNND,6430,0.3589490205049515,0.30003495141863823,0.058914067689329386,
3,260819,mixed,MIXED,CNN_RNND,6431,0.4402053188532591,0.3564383499324322,0.08376696449704468,
3,260819,mixed,MIXED,CNN_RNND,6432,0.32119389809668064,0.26682281494140625,0.05437108292244375,
3,260819,mixed,MIXED,CNN_RNND,6433,0.2793673910200596,0.23971237987279892,0.039655008586123586,
3,260819,mixed,MIXED,CNN_RNND,6434,0.371268592774868,0.30432578548789024,0.06694281473755836,
3,260819,mixed,MIXED,CNN_RNND,6435,0.5086452811956406,0.40707841515541077,0.10156686790287495,
3,260819,mixed,MIXED,CNN_RNND,6436,0.2901145052164793,0.24598564393818378,0.04412886481441092,
3,260819,mixed,MIXED,CNN_RNND,6437,0.26541709899902344,0.22604604065418243,0.03937105741351843,
3,260819,mixed,MIXED,CNN_RNND,6438,0.4061191938817501,0.3307471051812172,0.07537208590656519,
3,260819,mixed,MIXED,CNN_RNND,6439,0.5919998213648796,0.47245922684669495,0.11954058520495892,
3,260819,mixed,MIXED,CNN_RNND,6440,0.4390094056725502,0.3594537824392319,0.07955562323331833,
3,260819,mixed,MIXED,CNN_RNND,6441,0.44009964168071747,0.35771552473306656,0.08238411461934447,
3,260819,mixed,MIXED,CNN_RNND,6442,0.44456760212779045,0.3590928316116333,0.08547476772218943,
3,260819,mixed,MIXED,CNN_RNND,6443,0.41966409236192703,0.33468668535351753,0.08497741492465138,
3,260819,mixed,MIXED,CNN_RNND,6444,0.4320802167057991,0.35282712429761887,0.07925309333950281,
3,260819,mixed,MIXED,CNN_RNND,6445,0.5134912319481373,0.41479480266571045,0.09869641344994307,
3,260819,mixed,MIXED,CNN_RNND,6446,0.4421607106924057,0.36262209340929985,0.079538619145751,
3,260819,mixed,MIXED,CNN_RNND,6447,0.25397173687815666,0.22137589380145073,0.032595845172181726,
3,260819,mixed,MIXED,CNN_RNND,6448,0.5031043067574501,0.4050198048353195,0.09808450564742088,
3,260819,mixed,MIXED,CNN_RNND,6449,0.47951916605234146,0.38906943053007126,0.09044973086565733,
3,260819,mixed,MIXED,CNN_RNND,6450,0.41153426840901375,0.33797454461455345,0.0735597275197506,
3,260819,mixed,MIXED,CNN_RNND,6451,0.3736630827188492,0.30913103371858597,0.06453205458819866,
3,260819,mixed,MIXED,CNN_RNND,6452,0.3002825975418091,0.2522496022284031,0.04803299764171243,
3,260819,mixed,MIXED,CNN_RNND,6453,0.5512643307447433,0.43849364668130875,0.1127706915140152,
3,260819,mixed,MIXED,CNN_RNND,6454,0.4236746281385422,0.34138935059309006,0.08228527382016182,
3,260819,mixed,MIXED,CNN_RNND,6455,0.4501582086086273,0.36749283969402313,0.08266537450253963,
3,260819,mixed,MIXED,CNN_RNND,6456,0.32377928122878075,0.27217743918299675,0.05160184373380616,
3,260819,mixed,MIXED,CNN_RNND,6457,0.41570956259965897,0.3437062166631222,0.07200335338711739,
3,260819,mixed,MIXED,CNN_RNND,6458,0.3482125550508499,0.28912581130862236,0.059086752124130726,
3,260819,mixed,MIXED,CNN_RNND,6459,0.3184317797422409,0.2658894434571266,0.05254234149469994,
3,260819,mixed,MIXED,CNN_RNND,6460,0.3746083863079548,0.31403882056474686,0.060569558991119266,
3,260819,mixed,MIXED,CNN_RNND,6461,0.38263607770204544,0.3234994411468506,0.05913663562387228,
3,260819,mixed,MIXED,CNN_RNND,6462,0.2721123807132244,0.23610562086105347,0.036006757989525795,
3,260819,mixed,MIXED,CNN_RNND,6463,0.5608027651906013,0.44353777170181274,0.1172649934887886,
3,260819,mixed,MIXED,CNN_RNND,6464,0.5338436886668205,0.4290318600833416,0.10481181927025318,
3,260819,mixed,MIXED,CNN_RNND,6465,0.45302167162299156,0.36932266503572464,0.08369899494573474,
3,260819,mixed,MIXED,CNN_RNND,6466,0.5190772488713264,0.414634145796299,0.10444310866296291,
3,260819,mixed,MIXED,CNN_RNND,6467,0.33749064430594444,0.28244873508810997,0.05504190066130832,
3,260819,mixed,MIXED,CNN_RNND,6468,0.5582802593708038,0.4443386569619179,0.11394159123301506,
3,260819,mixed,MIXED,CNN_RNND,6469,0.48907554149627686,0.395543921738863,0.09353162720799446,
3,260819,mixed,MIXED,CNN_RNND,6470,0.4315798878669739,0.34778954461216927,0.08379033952951431,
3,260819,mixed,MIXED,CNN_RNND,6471,0.3442733883857727,0.29097314178943634,0.05330024566501379,
3,260819,mixed,MIXED,CNN_RNND,6472,0.46392692252993584,0.3736964538693428,0.09023045562207699,
3,260819,mixed,MIXED,CNN_RNND,6473,0.5181215703487396,0.4185621291399002,0.09955945145338774,
3,260819,mixed,MIXED,CNN_RNND,6474,0.43013979494571686,0.35135481506586075,0.07878498546779156,
3,260819,mixed,MIXED,CNN_RNND,6475,0.5144693404436111,0.41352900117635727,0.10094034299254417,
3,260819,mixed,MIXED,CNN_RNND,6476,0.35748958587646484,0.29707133024930954,0.06041825655847788,
3,260819,mixed,MIXED,CNN_RNND,6477,0.34673574566841125,0.2924455590546131,0.05429018568247557,
3,260819,mixed,MIXED,CNN_RNND,6478,0.4953283220529556,0.39814622700214386,0.09718209318816662,
3,260819,mixed,MIXED,CNN_RNND,6479,0.4656872823834419,0.3755975551903248,0.09008972346782684,
3,260819,mixed,MIXED,CNN_RNND,6480,0.47585783898830414,0.38608597964048386,0.08977185096591711,
3,260819,mixed,MIXED,CNN_RNND,6481,0.44288965314626694,0.36964118853211403,0.07324847020208836,
3,260819,mixed,MIXED,CNN_RNND,6482,0.33882296085357666,0.28726690635085106,0.051556059159338474,
3,260819,mixed,MIXED,CNN_RNND,6483,0.3290754109621048,0.27615827694535255,0.05291713494807482,
3,260819,mixed,MIXED,CNN_RNND,6484,0.31596678867936134,0.26146154291927814,0.054505242966115475,
3,260819,mixed,MIXED,CNN_RNND,6485,0.3515031673014164,0.2945517897605896,0.056951374746859074,
3,260819,mixed,MIXED,CNN_RNND,6486,0.34691204503178596,0.28990188241004944,0.05701015779050067,
3,260819,mixed,MIXED,CNN_RNND,6487,0.2975839078426361,0.251507893204689,0.04607601463794708,
3,260819,mixed,MIXED,CNN_RNND,6488,0.3546053431928158,0.29522530920803547,0.05938003957271576,
3,260819,mixed,MIXED,CNN_RNND,6489,0.3393965382128954,0.2858943669125438,0.05350216389342677,
3,260819,mixed,MIXED,CNN_RNND,6490,0.6873271092772484,0.5370177254080772,0.15030937362462282,
3,260819,mixed,MIXED,CNN_RNND,6491,0.2913565430790186,0.242178812623024,0.0491777384740999,
3,260819,mixed,MIXED,CNN_RNND,6492,0.49791206419467926,0.3905291948467493,0.10738286608830094,
3,260819,mixed,MIXED,CNN_RNND,6493,0.29411410354077816,0.24143727868795395,0.05267682534758933,
3,260819,mixed,MIXED,CNN_RNND,6494,0.4302581697702408,0.3505515605211258,0.07970660040155053,
3,260819,mixed,MIXED,CNN_RNND,6495,0.4057828690856695,0.32243046164512634,0.08335239769075997,
3,260819,mixed,MIXED,CNN_RNND,6496,0.28734079375863075,0.24461255967617035,0.0427282324526459,
3,260819,mixed,MIXED,CNN_RNND,6497,0.41453075781464577,0.33602139726281166,0.07850935496389866,
3,260819,mixed,MIXED,CNN_RNND,6498,0.42197516188025475,0.341619037091732,0.0803561289794743,
3,260819,mixed,MIXED,CNN_RNND,6499,0.4113782225176692,0.3355861231684685,0.07579209754476324,
3,260819,mixed,MIXED,CNN_RNND,6500,0.4477962329983711,0.36467326804995537,0.08312296960502863,
3,260819,mixed,MIXED,CNN_RNND,6501,0.4376046806573868,0.3592125177383423,0.0783921591937542,
3,260819,mixed,MIXED,CNN_RNND,6502,0.3470657914876938,0.29033995419740677,0.05672583822160959,
3,260819,mixed,MIXED,CNN_RNND,6503,0.5681874677538872,0.45362546294927597,0.11456200666725636,
3,260819,mixed,MIXED,CNN_RNND,6504,0.369141299277544,0.30567556247115135,0.06346574099734426,
3,260819,mixed,MIXED,CNN_RNND,6505,0.3615060858428478,0.30638254433870316,0.05512354010716081,
3,260819,mixed,MIXED,CNN_RNND,6506,0.4042285531759262,0.33429138362407684,0.06993716675788164,
3,260819,mixed,MIXED,CNN_RNND,6507,0.28753262385725975,0.24870934337377548,0.03882328141480684,
3,260819,mixed,MIXED,CNN_RNND,6508,0.3441495969891548,0.29093199223279953,0.053217608481645584,
3,260819,mixed,MIXED,CNN_RNND,6509,0.41001980006694794,0.3361693099141121,0.07385048549622297,
3,260819,mixed,MIXED,CNN_RNND,6510,0.31660138815641403,0.2710923068225384,0.04550908412784338,
3,260819,mixed,MIXED,CNN_RNND,6511,0.3511102497577667,0.28830583579838276,0.06280442094430327,
3,260819,mixed,MIXED,CNN_RNND,6512,0.4426190033555031,0.3579861745238304,0.08463283255696297,
3,260819,mixed,MIXED,CNN_RNND,6513,0.42657281644642353,0.3458050321787596,0.08076778356917202,
3,260819,mixed,MIXED,CNN_RNND,6514,0.2310521975159645,0.20305104181170464,0.02800115244463086,
3,260819,mixed,MIXED,CNN_RNND,6515,0.562177337706089,0.4576788544654846,0.1044984720647335,
3,260819,mixed,MIXED,CNN_RNND,6516,0.4006911367177963,0.33121638000011444,0.0694747669622302,
3,260819,mixed,MIXED,CNN_RNND,6517,0.296531118452549,0.2519083544611931,0.04462276119738817,
3,260819,mixed,MIXED,CNN_RNND,6518,0.44336265698075294,0.3629911504685879,0.0803714981302619,
3,260819,mixed,MIXED,CNN_RNND,6519,0.5167906582355499,0.4171777367591858,0.09961292520165443,
3,260819,mixed,MIXED,CNN_RNND,6520,0.3009876124560833,0.2524703573435545,0.04851725394837558,
3,260819,mixed,MIXED,CNN_RNND,6521,0.4268579035997391,0.34643588960170746,0.08042201865464449,
3,260819,mixed,MIXED,CNN_RNND,6522,0.42111868038773537,0.33886631578207016,0.08225237391889095,
3,260819,mixed,MIXED,CNN_RNND,6523,0.4085525833070278,0.3366788402199745,0.07187375170178711,
3,260819,mixed,MIXED,CNN_RNND,6524,0.4273986220359802,0.3459315299987793,0.08146709651919082,
3,260819,mixed,MIXED,CNN_RNND,6525,0.47961078584194183,0.3868289142847061,0.09278186038136482,
3,260819,mixed,MIXED,CNN_RNND,6526,0.27396954596042633,0.2353058159351349,0.03866373177152127,
3,260819,mixed,MIXED,CNN_RNND,6527,0.28803031891584396,0.24355212412774563,0.04447819333290681,
3,260819,mixed,MIXED,CNN_RNND,6528,0.30996204167604446,0.2609356604516506,0.04902637703344226,
3,260819,mixed,MIXED,CNN_RNND,6529,0.3364745303988457,0.28475695848464966,0.05171757168136537,
3,260819,mixed,MIXED,CNN_RNND,6530,0.47775763273239136,0.3892846442759037,0.08847299218177795,
3,260819,mixed,MIXED,CNN_RNND,6531,0.3293732851743698,0.27033960074186325,0.059033676981925964,
3,260819,mixed,MIXED,CNN_RNND,6532,0.5192771777510643,0.4169711321592331,0.10230605117976665,
3,260819,mixed,MIXED,CNN_RNND,6533,0.41362886130809784,0.33706702291965485,0.076561838388443,
3,260819,mixed,MIXED,CNN_RNND,6534,0.4793197736144066,0.3892086371779442,0.09011113923043013,
3,260819,mixed,MIXED,CNN_RNND,6535,0.4666192289441824,0.370239045470953,0.09638019109843299,
3,260819,mixed,MIXED,CNN_RNND,6536,0.3957832530140877,0.3326876387000084,0.06309561152011156,
3,260819,mixed,MIXED,CNN_RNND,6537,0.41587493382394314,0.3460503462702036,0.0698245899984613,
3,260819,mixed,MIXED,CNN_RNND,6538,0.2922843284904957,0.24679723381996155,0.0454870923422277,
3,260819,mixed,MIXED,CNN_RNND,6539,0.278362188488245,0.2421197108924389,0.03624247247353196,
3,260819,mixed,MIXED,CNN_RNND,6540,0.42947254329919815,0.3468332141637802,0.08263931842520833,
3,260819,mixed,MIXED,CNN_RNND,6541,0.3027246817946434,0.25776880234479904,0.04495588457211852,
3,260819,mixed,MIXED,CNN_RNND,6542,0.40833619609475136,0.33641979843378067,0.07191639952361584,
3,260819,mixed,MIXED,CNN_RNND,6543,0.43952471017837524,0.3570437356829643,0.08248097822070122,
3,260819,mixed,MIXED,CNN_RNND,6544,0.5627496466040611,0.4503166824579239,0.11243296973407269,
3,260819,mixed,MIXED,CNN_RNND,6545,0.5795672088861465,0.46802715957164764,0.1115400455892086,
3,260819,mixed,MIXED,CNN_RNND,6546,0.39920614659786224,0.3330545648932457,0.06615159008651972,
3,260819,mixed,MIXED,CNN_RNND,6547,0.4569045212119818,0.3613615371286869,0.09554298169678077,
3,260819,mixed,MIXED,CNN_RNND,6548,0.4241969957947731,0.3468802683055401,0.07731672935187817,
3,260819,mixed,MIXED,CNN_RNND,6549,0.3985222764313221,0.3239009901881218,0.07462128717452288,
3,260819,mixed,MIXED,CNN_RNND,6550,0.2767791450023651,0.23762932047247887,0.03914982359856367,
3,260819,mixed,MIXED,CNN_RNND,6551,0.5296215191483498,0.4304421618580818,0.09917934983968735,
3,260819,mixed,MIXED,CNN_RNND,6552,0.3385115936398506,0.2868190258741379,0.05169256799854338,
3,260819,mixed,MIXED,CNN_RNND,6553,0.509339477866888,0.4106714352965355,0.0986680428031832,
3,260819,mixed,MIXED,CNN_RNND,6554,0.47000527009367943,0.38497941941022873,0.08502585953101516,
3,260819,mixed,MIXED,CNN_RNND,6555,0.22125086933374405,0.19616235420107841,0.02508851606398821,
3,260819,mixed,MIXED,CNN_RNND,6556,0.29565716721117496,0.24893785268068314,0.04671932038036175,
3,260819,mixed,MIXED,CNN_RNND,6557,0.43802672252058983,0.3562472462654114,0.08177947532385588,
3,260819,mixed,MIXED,CNN_RNND,6558,0.37959909439086914,0.3106054328382015,0.06899366620928049,
3,260819,mixed,MIXED,CNN_RNND,6559,0.46265559643507004,0.3675931766629219,0.09506243281066418,
3,260819,mixed,MIXED,CNN_RNND,6560,0.37452685460448265,0.3109326437115669,0.0635942192748189,
3,260819,mixed,MIXED,CNN_RNND,6561,0.4192231222987175,0.34084802120923996,0.07837511226534843,
3,260819,mixed,MIXED,CNN_RNND,6562,0.3756427764892578,0.31216075643897057,0.06348201050423086,
3,260819,mixed,MIXED,CNN_RNND,6563,0.4876101166009903,0.38579126074910164,0.10181884281337261,
3,260819,mixed,MIXED,CNN_RNND,6564,0.4053019881248474,0.33568302914500237,0.0696189645677805,
3,260819,mixed,MIXED,CNN_RNND,6565,0.29497062787413597,0.24614069238305092,0.048829933162778616,
3,260819,mixed,MIXED,CNN_RNND,6566,0.5172121375799179,0.41681181639432907,0.10040032118558884,
3,260819,mixed,MIXED,CNN_RNND,6567,0.42152073606848717,0.3394396975636482,0.08208104595541954,
3,260819,mixed,MIXED,CNN_RNND,6568,0.22993233613669872,0.2033729888498783,0.026559349498711526,
3,260819,mixed,MIXED,CNN_RNND,6569,0.39393001049757004,0.32137973234057426,0.07255027815699577,
3,260819,mixed,MIXED,CNN_RNND,6570,0.7215055376291275,0.5669512152671814,0.15455432794988155,
3,260819,mixed,MIXED,CNN_RNND,6571,0.45991720631718636,0.36721400544047356,0.09270320064388216,
3,260819,mixed,MIXED,CNN_RNND,6572,0.551188513636589,0.4439011588692665,0.10728734731674194,
3,260819,mixed,MIXED,CNN_RNND,6573,0.42432926222682,0.3418068289756775,0.08252243034075946,
3,260819,mixed,MIXED,CNN_RNND,6574,0.47385792061686516,0.3839726001024246,0.08988532627699897,
3,260819,mixed,MIXED,CNN_RNND,6575,0.32661261036992073,0.2735164761543274,0.05309613421559334,
3,260819,mixed,MIXED,CNN_RNND,6576,0.34450872614979744,0.2857367917895317,0.05877193994820118,
3,260819,mixed,MIXED,CNN_RNND,6577,0.4788960628211498,0.38794299960136414,0.09095306741073728,
3,260819,mixed,MIXED,CNN_RNND,6578,0.3755798637866974,0.30734681338071823,0.06823303760029376,
3,260819,mixed,MIXED,CNN_RNND,6579,0.42866549640893936,0.3548906110227108,0.07377488072961569,
3,260819,mixed,MIXED,CNN_RNND,6580,0.34168318659067154,0.28678224608302116,0.05490094190463424,
3,260819,mixed,MIXED,CNN_RNND,6581,0.4300224632024765,0.3498978093266487,0.0801246437622467,
3,260819,mixed,MIXED,CNN_RNND,6582,0.3453846350312233,0.29236819595098495,0.05301644466817379,
3,260819,mixed,MIXED,CNN_RNND,6583,0.28845590353012085,0.249039638787508,0.039416258223354816,
3,260819,mixed,MIXED,CNN_RNND,6584,0.49974728375673294,0.4067252352833748,0.09302205219864845,
3,260819,mixed,MIXED,CNN_RNND,6585,0.4362555891275406,0.3597515597939491,0.07650403678417206,
3,260819,mixed,MIXED,CNN_RNND,6586,0.41236335784196854,0.33336202055215836,0.07900133170187473,
3,260819,mixed,MIXED,CNN_RNND,6587,0.4043324962258339,0.3285973146557808,0.07573518389835954,
3,260819,mixed,MIXED,CNN_RNND,6588,0.2801836393773556,0.23271839693188667,0.04746523546054959,
3,260819,mixed,MIXED,CNN_RNND,6589,0.431989386677742,0.3490251451730728,0.08296422753483057,
3,260819,mixed,MIXED,CNN_RNND,6590,0.3790140524506569,0.3192993141710758,0.05971474712714553,
3,260819,mixed,MIXED,CNN_RNND,6591,0.4139924980700016,0.3444179967045784,0.069574506720528,
3,260819,mixed,MIXED,CNN_RNND,6592,0.3725361227989197,0.3061245307326317,0.06641159858554602,
3,260819,mixed,MIXED,CNN_RNND,6593,0.3141356687992811,0.2657695822417736,0.04836608236655593,
3,260819,mixed,MIXED,CNN_RNND,6594,0.37983353063464165,0.31434497982263565,0.06548855686560273,
3,260819,mixed,MIXED,CNN_RNND,6595,0.32844924181699753,0.2766514979302883,0.05179773294366896,
3,260819,mixed,MIXED,CNN_RNND,6596,0.30220749601721764,0.24897784739732742,0.05322965141385794,
3,260819,mixed,MIXED,CNN_RNND,6597,0.4229508861899376,0.3439086154103279,0.0790422735735774,
3,260819,mixed,MIXED,CNN_RNND,6598,0.3204859271645546,0.26770947128534317,0.052776464144699275,
3,260819,mixed,MIXED,CNN_RNND,6599,0.38064634054899216,0.31699857860803604,0.06364776799455285,
3,260819,mixed,MIXED,CNN_RNND,6600,0.31276560947299004,0.2544429935514927,0.05832262631156482,-1.0964959290566212
3,260819,mixed,MIXED,CNN_RNND,6601,0.27060810662806034,0.22252678498625755,0.048081311222631484,
3,260819,mixed,MIXED,CNN_RNND,6602,0.5863880813121796,0.46094945818185806,0.125438641756773,
3,260819,mixed,MIXED,CNN_RNND,6603,0.2741045653820038,0.23570566624403,0.038398901000618935,
3,260819,mixed,MIXED,CNN_RNND,6604,0.44848576933145523,0.36345457285642624,0.0850311927497387,
3,260819,mixed,MIXED,CNN_RNND,6605,0.3329118862748146,0.28061647340655327,0.05229541892185807,
3,260819,mixed,MIXED,CNN_RNND,6606,0.4682978726923466,0.37458958476781845,0.09370827791281044,
3,260819,mixed,MIXED,CNN_RNND,6607,0.32975611835718155,0.27373630553483963,0.05601981934159994,
3,260819,mixed,MIXED,CNN_RNND,6608,0.3330796919763088,0.28349504992365837,0.04958463762886822,
3,260819,mixed,MIXED,CNN_RNND,6609,0.3272881880402565,0.26936534233391285,0.05792285408824682,
3,260819,mixed,MIXED,CNN_RNND,6610,0.2916158512234688,0.2528400272130966,0.03877582470886409,
3,260819,mixed,MIXED,CNN_RNND,6611,0.4666684865951538,0.3824513256549835,0.08421715255826712,
3,260819,mixed,MIXED,CNN_RNND,6612,0.5051960349082947,0.40666162967681885,0.09853440709412098,
3,260819,mixed,MIXED,CNN_RNND,6613,0.4570711925625801,0.3720886707305908,0.08498252183198929,
3,260819,mixed,MIXED,CNN_RNND,6614,0.5109028294682503,0.41380400210618973,0.0970988217741251,
3,260819,mixed,MIXED,CNN_RNND,6615,0.44486694782972336,0.3624568060040474,0.08241013810038567,
3,260819,mixed,MIXED,CNN_RNND,6616,0.3640856444835663,0.3002682626247406,0.06381738814525306,
3,260819,mixed,MIXED,CNN_RNND,6617,0.38277218490839005,0.3174566179513931,0.06531555764377117,
3,260819,mixed,MIXED,CNN_RNND,6618,0.32784272730350494,0.2795634865760803,0.0482792379334569,
3,260819,mixed,MIXED,CNN_RNND,6619,0.42623841017484665,0.3466443195939064,0.0795940849930048,
3,260819,mixed,MIXED,CNN_RNND,6620,0.5480714961886406,0.4356696307659149,0.11240187287330627,
3,260819,mixed,MIXED,CNN_RNND,6621,0.5250750333070755,0.4218876361846924,0.10318740643560886,
3,260819,mixed,MIXED,CNN_RNND,6622,0.39569561555981636,0.32581929489970207,0.06987631414085627,
3,260819,mixed,MIXED,CNN_RNND,6623,0.3104283809661865,0.2667647898197174,0.043663596734404564,
3,260819,mixed,MIXED,CNN_RNND,6624,0.428268488496542,0.34764131903648376,0.08062717085704207,
3,260819,mixed,MIXED,CNN_RNND,6625,0.4219230990856886,0.34709368646144867,0.07482941763009876,
3,260819,mixed,MIXED,CNN_RNND,6626,0.3540542386472225,0.2922525554895401,0.0618016819935292,
3,260819,mixed,MIXED,CNN_RNND,6627,0.5179005190730095,0.4179900027811527,0.09991051070392132,
3,260819,mixed,MIXED,CNN_RNND,6628,0.3672191984951496,0.3030385784804821,0.06418061687145382,
3,260819,mixed,MIXED,CNN_RNND,6629,0.23452407959848642,0.19969791173934937,0.034826167044229805,
3,260819,mixed,MIXED,CNN_RNND,6630,0.35590436682105064,0.2966523878276348,0.05925198597833514,
3,260819,mixed,MIXED,CNN_RNND,6631,0.4385725185275078,0.36535991728305817,0.07321259705349803,
3,260819,mixed,MIXED,CNN_RNND,6632,0.4608682058751583,0.37481456249952316,0.08605365362018347,
3,260819,mixed,MIXED,CNN_RNND,6633,0.21209724619984627,0.1829963494092226,0.029100902378559113,
3,260819,mixed,MIXED,CNN_RNND,6634,0.50920070707798,0.4121057540178299,0.0970949549227953,
3,260819,mixed,MIXED,CNN_RNND,6635,0.3276144787669182,0.27877799794077873,0.04883647942915559,
3,260819,mixed,MIXED,CNN_RNND,6636,0.2824387401342392,0.23820422030985355,0.0442345249466598,
3,260819,mixed,MIXED,CNN_RNND,6637,0.29192500188946724,0.24540294706821442,0.046522054355591536,
3,260819,mixed,MIXED,CNN_RNND,6638,0.26964087784290314,0.23144780658185482,0.03819307452067733,
3,260819,mixed,MIXED,CNN_RNND,6639,0.436736848205328,0.3568170964717865,0.07991974288597703,
3,260819,mixed,MIXED,CNN_RNND,6640,0.5107527449727058,0.4129832088947296,0.09776952676475048,
3,260819,mixed,MIXED,CNN_RNND,6641,0.36859145388007164,0.30067265406250954,0.06791880924720317,
3,260819,mixed,MIXED,CNN_RNND,6642,0.5291234403848648,0.42606398463249207,0.10305944923311472,
3,260819,mixed,MIXED,CNN_RNND,6643,0.4209051951766014,0.34870849549770355,0.07219670806080103,
3,260819,mixed,MIXED,CNN_RNND,6644,0.3076891377568245,0.2598574534058571,0.04783168714493513,
3,260819,mixed,MIXED,CNN_RNND,6645,0.4041255712509155,0.3277474194765091,0.07637816295027733,
3,260819,mixed,MIXED,CNN_RNND,6646,0.3666808381676674,0.30284328758716583,0.0638375491835177,
3,260819,mixed,MIXED,CNN_RNND,6647,0.4742753654718399,0.3790925666689873,0.0951827960088849,
3,260819,mixed,MIXED,CNN_RNND,6648,0.41648679226636887,0.3395560272037983,0.07693075388669968,
3,260819,mixed,MIXED,CNN_RNND,6649,0.4046900048851967,0.32538264989852905,0.07930735521949828,
3,260819,mixed,MIXED,CNN_RNND,6650,0.4994566161185503,0.39163224026560783,0.10782437538728118,
3,260819,mixed,MIXED,CNN_RNND,6651,0.4635755456984043,0.3702393900603056,0.09333615633659065,
3,260819,mixed,MIXED,CNN_RNND,6652,0.36345823109149933,0.29770976677536964,0.0657484665280208,
3,260819,mixed,MIXED,CNN_RNND,6653,0.39774126186966896,0.3163447119295597,0.08139654668048024,
3,260819,mixed,MIXED,CNN_RNND,6654,0.4864154979586601,0.39108535647392273,0.09533015172928572,
3,260819,mixed,MIXED,CNN_RNND,6655,0.2494209222495556,0.2081753257662058,0.04124560113996267,
3,260819,mixed,MIXED,CNN_RNND,6656,0.34366533905267715,0.28900614753365517,0.054659188725054264,
3,260819,mixed,MIXED,CNN_RNND,6657,0.3965349942445755,0.3260950557887554,0.0704399524256587,
3,260819,mixed,MIXED,CNN_RNND,6658,0.310039646923542,0.25747235864400864,0.05256728263339028,
3,260819,mixed,MIXED,CNN_RNND,6659,0.3217131607234478,0.25951188802719116,0.06220127153210342,
3,260819,mixed,MIXED,CNN_RNND,6660,0.4160676598548889,0.3384966179728508,0.07757104188203812,
3,260819,mixed,MIXED,CNN_RNND,6661,0.22000161558389664,0.18785807490348816,0.032143541815457866,
3,260819,mixed,MIXED,CNN_RNND,6662,0.4344029128551483,0.35273637622594833,0.08166654501110315,
3,260819,mixed,MIXED,CNN_RNND,6663,0.4739675261080265,0.3838287368416786,0.09013878926634789,
3,260819,mixed,MIXED,CNN_RNND,6664,0.4896910861134529,0.39515717327594757,0.09453391842544079,
3,260819,mixed,MIXED,CNN_RNND,6665,0.48896753415465355,0.3931176960468292,0.0958498427644372,
3,260819,mixed,MIXED,CNN_RNND,6666,0.397049643099308,0.3159427959471941,0.08110685960855335,
3,260819,mixed,MIXED,CNN_RNND,6667,0.48567201010882854,0.38687166199088097,0.09880035975947976,
3,260819,mixed,MIXED,CNN_RNND,6668,0.3629746735095978,0.2975095510482788,0.06546512246131897,
3,260819,mixed,MIXED,CNN_RNND,6669,0.3798011876642704,0.3088872656226158,0.07091391499852762,
3,260819,mixed,MIXED,CNN_RNND,6670,0.32179953157901764,0.2767012342810631,0.045098293107002974,
3,260819,mixed,MIXED,CNN_RNND,6671,0.3396241217851639,0.28791769593954086,0.05170643609017134,
3,260819,mixed,MIXED,CNN_RNND,6672,0.5346382632851601,0.42981431633234024,0.10482393577694893,
3,260819,mixed,MIXED,CNN_RNND,6673,0.14520998671650887,0.1334768794476986,0.011733106803148985,
3,260819,mixed,MIXED,CNN_RNND,6674,0.5682099983096123,0.44240012764930725,0.12580985948443413,
3,260819,mixed,MIXED,CNN_RNND,6675,0.36295657232403755,0.3027604967355728,0.06019607977941632,
3,260819,mixed,MIXED,CNN_RNND,6676,0.2827649302780628,0.2381640039384365,0.044600925873965025,
3,260819,mixed,MIXED,CNN_RNND,6677,0.3348044082522392,0.28234705701470375,0.05245734564960003,
3,260819,mixed,MIXED,CNN_RNND,6678,0.4766685664653778,0.38852933794260025,0.0881392452865839,
3,260819,mixed,MIXED,CNN_RNND,6679,0.4193345345556736,0.3386649936437607,0.08066954324021935,
3,260819,mixed,MIXED,CNN_RNND,6680,0.1350171398371458,0.12013296969234943,0.014884169329889119,
3,260819,mixed,MIXED,CNN_RNND,6681,0.3721318021416664,0.2984026186168194,0.07372918585315347,
3,260819,mixed,MIXED,CNN_RNND,6682,0.5048880875110626,0.40636613965034485,0.09852194041013718,
3,260819,mixed,MIXED,CNN_RNND,6683,0.400898814201355,0.3341020569205284,0.0667967488989234,
3,260819,mixed,MIXED,CNN_RNND,6684,0.3752868305891752,0.3069484867155552,0.0683383469004184,
3,260819,mixed,MIXED,CNN_RNND,6685,0.38280196115374565,0.3144086077809334,0.06839335290715098,
3,260819,mixed,MIXED,CNN_RNND,6686,0.4622742086648941,0.37854117155075073,0.08373303432017565,
3,260819,mixed,MIXED,CNN_RNND,6687,0.4579775035381317,0.3692345917224884,0.08874291274696589,
3,260819,mixed,MIXED,CNN_RNND,6688,0.4872673377394676,0.39151036739349365,0.09575697407126427,
3,260819,mixed,MIXED,CNN_RNND,6689,0.6892687380313873,0.5382411330938339,0.1510276049375534,
3,260819,mixed,MIXED,CNN_RNND,6690,0.3891427181661129,0.316213883459568,0.0729288337752223,
3,260819,mixed,MIXED,CNN_RNND,6691,0.444149162620306,0.36286695674061775,0.08128221426159143,
3,260819,mixed,MIXED,CNN_RNND,6692,0.2782379724085331,0.24397090077400208,0.03426708042388782,
3,260819,mixed,MIXED,CNN_RNND,6693,0.2853100188076496,0.2482957113534212,0.037014300702139735,
3,260819,mixed,MIXED,CNN_RNND,6694,0.47898153960704803,0.3904528506100178,0.08852869085967541,
3,260819,mixed,MIXED,CNN_RNND,6695,0.3803233690559864,0.31552087143063545,0.0648024957627058,
3,260819,mixed,MIXED,CNN_RNND,6696,0.4517115391790867,0.3635241463780403,0.0881873955950141,
3,260819,mixed,MIXED,CNN_RNND,6697,0.20104144886136055,0.17995195090770721,0.021089501678943634,
3,260819,mixed,MIXED,CNN_RNND,6698,0.15947039611637592,0.14728675782680511,0.012183642131276429,
3,260819,mixed,MIXED,CNN_RNND,6699,0.2945445850491524,0.24839024990797043,0.04615433560684323,
3,260819,mixed,MIXED,CNN_RNND,6700,0.4258412942290306,0.34829582273960114,0.07754547242075205,
3,260819,mixed,MIXED,CNN_RNND,6701,0.26478756964206696,0.22722970880568027,0.03755786098190583,
3,260819,mixed,MIXED,CNN_RNND,6702,0.3338740672916174,0.2763717472553253,0.05750232608988881,
3,260819,mixed,MIXED,CNN_RNND,6703,0.4059564210474491,0.3278956338763237,0.07806078530848026,
3,260819,mixed,MIXED,CNN_RNND,6704,0.5825562924146652,0.4610128179192543,0.1215434717014432,
3,260819,mixed,MIXED,CNN_RNND,6705,0.4559299573302269,0.36691953986883163,0.08901040628552437,
3,260819,mixed,MIXED,CNN_RNND,6706,0.2410270981490612,0.2042591143399477,0.03676798460946884,
3,260819,mixed,MIXED,CNN_RNND,6707,0.6016889214515686,0.47804222255945206,0.1236466933041811,
3,260819,mixed,MIXED,CNN_RNND,6708,0.5396587923169136,0.435756616294384,0.103902168571949,
3,260819,mixed,MIXED,CNN_RNND,6709,0.6161986887454987,0.4869939684867859,0.12920472212135792,
3,260819,mixed,MIXED,CNN_RNND,6710,0.3666140232235193,0.3073299191892147,0.05928410531487316,
3,260819,mixed,MIXED,CNN_RNND,6711,0.28997949697077274,0.24838154949247837,0.041597948176786304,
3,260819,mixed,MIXED,CNN_RNND,6712,0.4981294758617878,0.4001890942454338,0.09794038534164429,
3,260819,mixed,MIXED,CNN_RNND,6713,0.40504083037376404,0.3381032645702362,0.06693756394088268,
3,260819,mixed,MIXED,CNN_RNND,6714,0.31500459648668766,0.2704677861183882,0.04453681275481358,
3,260819,mixed,MIXED,CNN_RNND,6715,0.48689180612564087,0.3931652270257473,0.09372656233608723,
3,260819,mixed,MIXED,CNN_RNND,6716,0.4304768443107605,0.3508750610053539,0.07960178796201944,
3,260819,mixed,MIXED,CNN_RNND,6717,0.3051227517426014,0.2622426599264145,0.04288009647279978,
3,260819,mixed,MIXED,CNN_RNND,6718,0.44575440138578415,0.36627545207738876,0.07947893999516964,
3,260819,mixed,MIXED,CNN_RNND,6719,0.5683379545807838,0.4487293213605881,0.11960862390697002,
3,260819,mixed,MIXED,CNN_RNND,6720,0.4562763199210167,0.3757665231823921,0.08050979301333427,
3,260819,mixed,MIXED,CNN_RNND,6721,0.37002989649772644,0.3037216253578663,0.0663082713726908,
3,260819,mixed,MIXED,CNN_RNND,6722,0.4339897222816944,0.35556506365537643,0.07842464931309223,
3,260819,mixed,MIXED,CNN_RNND,6723,0.4085199870169163,0.33148158341646194,0.07703840406611562,
3,260819,mixed,MIXED,CNN_RNND,6724,0.3197346366941929,0.2753940224647522,0.04434061888605356,
3,260819,mixed,MIXED,CNN_RNND,6725,0.38527674227952957,0.3186456114053726,0.06663113739341497,
3,260819,mixed,MIXED,CNN_RNND,6726,0.2933007813990116,0.24596013873815536,0.04734064033254981,
3,260819,mixed,MIXED,CNN_RNND,6727,0.313798937946558,0.26137456856667995,0.052424363791942596,
3,260819,mixed,MIXED,CNN_RNND,6728,0.35929527319967747,0.29456700198352337,0.06472826784010977,
3,260819,mixed,MIXED,CNN_RNND,6729,0.41146324574947357,0.3443373665213585,0.06712588388472795,
3,260819,mixed,MIXED,CNN_RNND,6730,0.4818148948252201,0.3953040614724159,0.0865108291618526,
3,260819,mixed,MIXED,CNN_RNND,6731,0.28824573941528797,0.23926451057195663,0.04898122092708945,
3,260819,mixed,MIXED,CNN_RNND,6732,0.35668042302131653,0.2939896695315838,0.06269075034651905,
3,260819,mixed,MIXED,CNN_RNND,6733,0.5254935026168823,0.42613863199949265,0.09935486130416393,
3,260819,mixed,MIXED,CNN_RNND,6734,0.3907630778849125,0.31846147030591965,0.07230160152539611,
3,260819,mixed,MIXED,CNN_RNND,6735,0.4640176147222519,0.3729281425476074,0.09108946286141872,
3,260819,mixed,MIXED,CNN_RNND,6736,0.4325012192130089,0.35434792190790176,0.07815328799188137,
3,260819,mixed,MIXED,CNN_RNND,6737,0.2990633323788643,0.24893217533826828,0.050131156807765365,
3,260819,mixed,MIXED,CNN_RNND,6738,0.4412171095609665,0.3623524010181427,0.07886471087113023,
3,260819,mixed,MIXED,CNN_RNND,6739,0.5407175943255424,0.43130722641944885,0.1094103679060936,
3,260819,mixed,MIXED,CNN_RNND,6740,0.40929391235113144,0.33321284502744675,0.07608106918632984,
3,260819,mixed,MIXED,CNN_RNND,6741,0.363903533667326,0.3025449477136135,0.06135857943445444,
3,260819,mixed,MIXED,CNN_RNND,6742,0.24493912421166897,0.20956605672836304,0.035373065154999495,
3,260819,mixed,MIXED,CNN_RNND,6743,0.4933779314160347,0.39320117235183716,0.10017674509435892,
3,260819,mixed,MIXED,CNN_RNND,6744,0.3621767573058605,0.3039413206279278,0.05823544738814235,
3,260819,mixed,MIXED,CNN_RNND,6745,0.34279322624206543,0.28710872679948807,0.05568450503051281,
3,260819,mixed,MIXED,CNN_RNND,6746,0.35176918655633926,0.29318580590188503,0.05858338839607313,
3,260819,mixed,MIXED,CNN_RNND,6747,0.3866826184093952,0.3148140236735344,0.07186858775094151,
3,260819,mixed,MIXED,CNN_RNND,6748,0.41930001974105835,0.3517066612839699,0.06759335938841105,
3,260819,mixed,MIXED,CNN_RNND,6749,0.4139302410185337,0.34210847318172455,0.07182176574133337,
3,260819,mixed,MIXED,CNN_RNND,6750,0.42344502732157707,0.3453275002539158,0.07811753312125802,
3,260819,mixed,MIXED,CNN_RNND,6751,0.3553433045744896,0.30031613260507584,0.05502716638147831,
3,260819,mixed,MIXED,CNN_RNND,6752,0.5590618774294853,0.44487375766038895,0.11418812721967697,
3,260819,mixed,MIXED,CNN_RNND,6753,0.5185564383864403,0.41573503613471985,0.1028213994577527,
3,260819,mixed,MIXED,CNN_RNND,6754,0.16328984685242176,0.1480279415845871,0.01526190701406449,
3,260819,mixed,MIXED,CNN_RNND,6755,0.3275071643292904,0.2737683020532131,0.053738861926831305,
3,260819,mixed,MIXED,CNN_RNND,6756,0.38464054465293884,0.31601161882281303,0.06862893118523061,
3,260819,mixed,MIXED,CNN_RNND,6757,0.25797232799232006,0.2184327356517315,0.03953959158388898,
3,260819,mixed,MIXED,CNN_RNND,6758,0.44633983448147774,0.3596618250012398,0.08667801757110283,
3,260819,mixed,MIXED,CNN_RNND,6759,0.5446373671293259,0.4314318299293518,0.11320554092526436,
3,260819,mixed,MIXED,CNN_RNND,6760,0.3746142089366913,0.3122982457280159,0.062315961346030235,
3,260819,mixed,MIXED,CNN_RNND,6761,0.3461534380912781,0.2850166894495487,0.06113675516098738,
3,260819,mixed,MIXED,CNN_RNND,6762,0.4109131656587124,0.3326113149523735,0.07830184989143163,
3,260819,mixed,MIXED,CNN_RNND,6763,0.2351178415119648,0.1999957114458084,0.0351221261153114,
3,260819,mixed,MIXED,CNN_RNND,6764,0.2640722841024399,0.22813814133405685,0.03593413974158466,
3,260819,mixed,MIXED,CNN_RNND,6765,0.41581107676029205,0.3387986943125725,0.07701238337904215,
3,260819,mixed,MIXED,CNN_RNND,6766,0.2924565225839615,0.24470864236354828,0.04774787928909063,
3,260819,mixed,MIXED,CNN_RNND,6767,0.5667397230863571,0.45491214841604233,0.11182758398354053,
3,260819,mixed,MIXED,CNN_RNND,6768,0.27065968327224255,0.2245696559548378,0.046090024057775736,
3,260819,mixed,MIXED,CNN_RNND,6769,0.5176690146327019,0.41466347873210907,0.10300553683191538,
3,260819,mixed,MIXED,CNN_RNND,6770,0.2755698896944523,0.23364336602389812,0.04192651837365702,
3,260819,mixed,MIXED,CNN_RNND,6771,0.5018187388777733,0.40603453665971756,0.09578419476747513,
3,260819,mixed,MIXED,CNN_RNND,6772,0.3608980178833008,0.2949834391474724,0.0659145787358284,
3,260819,mixed,MIXED,CNN_RNND,6773,0.24070622026920319,0.20738739147782326,0.03331882134079933,
3,260819,mixed,MIXED,CNN_RNND,6774,0.5447528511285782,0.4335523247718811,0.11120051797479391,
3,260819,mixed,MIXED,CNN_RNND,6775,0.39552947878837585,0.323331281542778,0.07219819631427526,
3,260819,mixed,MIXED,CNN_RNND,6776,0.377790667116642,0.31116047129034996,0.06663020327687263,
3,260819,mixed,MIXED,CNN_RNND,6777,0.3824360743165016,0.3161421213299036,0.06629394821356982,
3,260819,mixed,MIXED,CNN_RNND,6778,0.35326631367206573,0.2972565144300461,0.05600979644805193,
3,260819,mixed,MIXED,CNN_RNND,6779,0.5504426956176758,0.4321739375591278,0.118268764577806,
3,260819,mixed,MIXED,CNN_RNND,6780,0.3724823668599129,0.30274708569049835,0.06973528047092259,
3,260819,mixed,MIXED,CNN_RNND,6781,0.43605586886405945,0.35816557705402374,0.07789028389379382,
3,260819,mixed,MIXED,CNN_RNND,6782,0.3596409000456333,0.2979911006987095,0.061649798415601254,
3,260819,mixed,MIXED,CNN_RNND,6783,0.20271888189017773,0.18390433490276337,0.018814552400726825,
3,260819,mixed,MIXED,CNN_RNND,6784,0.3605901971459389,0.3017003796994686,0.05888981721363962,
3,260819,mixed,MIXED,CNN_RNND,6785,0.42883431911468506,0.35503118485212326,0.07380314264446497,
3,260819,mixed,MIXED,CNN_RNND,6786,0.5136460661888123,0.41224099695682526,0.1014050655066967,
3,260819,mixed,MIXED,CNN_RNND,6787,0.4505416974425316,0.36474907398223877,0.08579261461272836,
3,260819,mixed,MIXED,CNN_RNND,6788,0.5692277625203133,0.44811373203992844,0.12111403327435255,
3,260819,mixed,MIXED,CNN_RNND,6789,0.6853663176298141,0.5352528691291809,0.15011347457766533,
3,260819,mixed,MIXED,CNN_RNND,6790,0.29708515852689743,0.2433177698403597,0.05376739436178468,
3,260819,mixed,MIXED,CNN_RNND,6791,0.4762154892086983,0.3793131075799465,0.09690237417817116,
3,260819,mixed,MIXED,CNN_RNND,6792,0.4305771440267563,0.34745461493730545,0.08312254073098302,
3,260819,mixed,MIXED,CNN_RNND,6793,0.39846861362457275,0.3255564346909523,0.07291217893362045,
3,260819,mixed,MIXED,CNN_RNND,6794,0.4438059777021408,0.36587779968976974,0.07792816963046789,
3,260819,mixed,MIXED,CNN_RNND,6795,0.44453462213277817,0.3589155673980713,0.08561905706301332,
3,260819,mixed,MIXED,CNN_RNND,6796,0.17448386456817389,0.15638746693730354,0.018096397019689903,
3,260819,mixed,MIXED,CNN_RNND,6797,0.5805144757032394,0.45957493782043457,0.12093952856957912,
3,260819,mixed,MIXED,CNN_RNND,6798,0.24638740718364716,0.21762015670537949,0.02876724861562252,
3,260819,mixed,MIXED,CNN_RNND,6799,0.4348968081176281,0.34923355281352997,0.0856632525101304,
3,260819,mixed,MIXED,CNN_RNND,6800,0.31213173270225525,0.2613942511379719,0.050737481098622084,-1.1065923005982738
3,260819,mixed,MIXED,CNN_RNND,6801,0.49651074409484863,0.40209587663412094,0.0944148637354374,
3,260819,mixed,MIXED,CNN_RNND,6802,0.41053206846117973,0.3332903105765581,0.07724176731426269,
3,260819,mixed,MIXED,CNN_RNND,6803,0.1960128340870142,0.1759820468723774,0.020030784886330366,
3,260819,mixed,MIXED,CNN_RNND,6804,0.41614236682653427,0.3475676402449608,0.06857473216950893,
3,260819,mixed,MIXED,CNN_RNND,6805,0.40957173705101013,0.33711356669664383,0.0724581703543663,
3,260819,mixed,MIXED,CNN_RNND,6806,0.4476100653409958,0.36274421215057373,0.08486585039645433,
3,260819,mixed,MIXED,CNN_RNND,6807,0.4282882735133171,0.3513316735625267,0.07695658970624208,
3,260819,mixed,MIXED,CNN_RNND,6808,0.3917725421488285,0.32361407577991486,0.06815846497192979,
3,260819,mixed,MIXED,CNN_RNND,6809,0.4002024605870247,0.33004287257790565,0.07015958521515131,
3,260819,mixed,MIXED,CNN_RNND,6810,0.37025563046336174,0.3067650869488716,0.06349054630845785,
3,260819,mixed,MIXED,CNN_RNND,6811,0.2544237384572625,0.2148213554173708,0.03960238253057469,
3,260819,mixed,MIXED,CNN_RNND,6812,0.3488056808710098,0.29151467978954315,0.057290988974273205,
3,260819,mixed,MIXED,CNN_RNND,6813,0.33254653960466385,0.2751767113804817,0.05736982449889183,
3,260819,mixed,MIXED,CNN_RNND,6814,0.4727134108543396,0.38191813230514526,0.09079527482390404,
3,260819,mixed,MIXED,CNN_RNND,6815,0.439602255821228,0.3598335534334183,0.0797687005251646,
3,260819,mixed,MIXED,CNN_RNND,6816,0.6122840493917465,0.48576510697603226,0.12651893682777882,
3,260819,mixed,MIXED,CNN_RNND,6817,0.5518811047077179,0.44163166731595993,0.11024944204837084,
3,260819,mixed,MIXED,CNN_RNND,6818,0.30221957340836525,0.25245802104473114,0.04976154619362205,
3,260819,mixed,MIXED,CNN_RNND,6819,0.421874962747097,0.3465461693704128,0.07532879803329706,
3,260819,mixed,MIXED,CNN_RNND,6820,0.3715016897767782,0.3017916027456522,0.06971007969696075,
3,260819,mixed,MIXED,CNN_RNND,6821,0.513659730553627,0.412836916744709,0.100822813808918,
3,260819,mixed,MIXED,CNN_RNND,6822,0.1339282263070345,0.126450439915061,0.007477786595700309,
3,260819,mixed,MIXED,CNN_RNND,6823,0.5113022997975349,0.4045887105166912,0.10671359393745661,
3,260819,mixed,MIXED,CNN_RNND,6824,0.33676691725850105,0.2823282852768898,0.05443862755782902,
3,260819,mixed,MIXED,CNN_RNND,6825,0.5495679154992104,0.4391002953052521,0.11046763323247433,
3,260819,mixed,MIXED,CNN_RNND,6826,0.46631357818841934,0.3772062510251999,0.0891073178499937,
3,260819,mixed,MIXED,CNN_RNND,6827,0.5012975130230188,0.40297501906752586,0.09832249753526412,
3,260819,mixed,MIXED,CNN_RNND,6828,0.4287935644388199,0.3477272167801857,0.08106634905561805,
3,260819,mixed,MIXED,CNN_RNND,6829,0.41942173615098,0.3422238752245903,0.07719785254448652,
3,260819,mixed,MIXED,CNN_RNND,6830,0.3209273926913738,0.26772937551140785,0.053198015317320824,
3,260819,mixed,MIXED,CNN_RNND,6831,0.511815682053566,0.42005565762519836,0.09176002442836761,
3,260819,mixed,MIXED,CNN_RNND,6832,0.37690093368291855,0.30348848924040794,0.07341244211420417,
3,260819,mixed,MIXED,CNN_RNND,6833,0.38896992057561874,0.3206666670739651,0.06830325246846769,
3,260819,mixed,MIXED,CNN_RNND,6834,0.1739510241895914,0.1600387915968895,0.013912234455347061,
3,260819,mixed,MIXED,CNN_RNND,6835,0.2746336217969656,0.23169521614909172,0.042938409955240786,
3,260819,mixed,MIXED,CNN_RNND,6836,0.4089316949248314,0.33372797071933746,0.07520372490398586,
3,260819,mixed,MIXED,CNN_RNND,6837,0.315740754827857,0.26213663443922997,0.05360411072615534,
3,260819,mixed,MIXED,CNN_RNND,6838,0.31430932506918907,0.2545412965118885,0.05976802669465542,
3,260819,mixed,MIXED,CNN_RNND,6839,0.5931086838245392,0.47131115198135376,0.12179753743112087,
3,260819,mixed,MIXED,CNN_RNND,6840,0.4411856736987829,0.36111452244222164,0.08007114625070244,
3,260819,mixed,MIXED,CNN_RNND,6841,0.4485240802168846,0.364881232380867,0.08364283572882414,
3,260819,mixed,MIXED,CNN_RNND,6842,0.42179447412490845,0.3457302674651146,0.07606420572847128,
3,260819,mixed,MIXED,CNN_RNND,6843,0.4411458969116211,0.36028359457850456,0.08086229208856821,
3,260819,mixed,MIXED,CNN_RNND,6844,0.3399573117494583,0.28172436356544495,0.05823294445872307,
3,260819,mixed,MIXED,CNN_RNND,6845,0.5496920365840197,0.4350042790174484,0.11468776501715183,
3,260819,mixed,MIXED,CNN_RNND,6846,0.2534415703266859,0.21922215446829796,0.03421941713895649,
3,260819,mixed,MIXED,CNN_RNND,6847,0.5051994249224663,0.4051767587661743,0.10002266801893711,
3,260819,mixed,MIXED,CNN_RNND,6848,0.29349319636821747,0.249206755310297,0.04428643872961402,
3,260819,mixed,MIXED,CNN_RNND,6849,0.5443908646702766,0.4322318062186241,0.11215906776487827,
3,260819,mixed,MIXED,CNN_RNND,6850,0.4953993633389473,0.4019394814968109,0.09345987904816866,
3,260819,mixed,MIXED,CNN_RNND,6851,0.49281542375683784,0.39780108258128166,0.09501434257254004,
3,260819,mixed,MIXED,CNN_RNND,6852,0.374622106552124,0.31022749841213226,0.06439460813999176,
3,260819,mixed,MIXED,CNN_RNND,6853,0.521242156624794,0.41497451439499855,0.10626763512846082,
3,260819,mixed,MIXED,CNN_RNND,6854,0.44247159361839294,0.3631780222058296,0.07929357187822461,
3,260819,mixed,MIXED,CNN_RNND,6855,0.5468025952577591,0.43707650154829025,0.10972610116004944,
3,260819,mixed,MIXED,CNN_RNND,6856,0.37507663667201996,0.3118937574326992,0.06318287644535303,
3,260819,mixed,MIXED,CNN_RNND,6857,0.6314342767000198,0.4918917343020439,0.13954253681004047,
3,260819,mixed,MIXED,CNN_RNND,6858,0.3236430399119854,0.27284299954771996,0.05080003978218883,
3,260819,mixed,MIXED,CNN_RNND,6859,0.2879965081810951,0.25086556002497673,0.03713094419799745,
3,260819,mixed,MIXED,CNN_RNND,6860,0.49247270077466965,0.3906046003103256,0.10186809860169888,
3,260819,mixed,MIXED,CNN_RNND,6861,0.47507549822330475,0.37927789986133575,0.09579761326313019,
3,260819,mixed,MIXED,CNN_RNND,6862,0.47567469254136086,0.3888224884867668,0.08685219567269087,
3,260819,mixed,MIXED,CNN_RNND,6863,0.34369534999132156,0.28783757612109184,0.055857776664197445,
3,260819,mixed,MIXED,CNN_RNND,6864,0.3359277741983533,0.27417059801518917,0.06175718570011668,
3,260819,mixed,MIXED,CNN_RNND,6865,0.3752611596137285,0.3103110231459141,0.06495013457606547,
3,260819,mixed,MIXED,CNN_RNND,6866,0.2540466282516718,0.22229450475424528,0.03175212332280353,
3,260819,mixed,MIXED,CNN_RNND,6867,0.3855646774172783,0.32201940566301346,0.06354526872746646,
3,260819,mixed,MIXED,CNN_RNND,6868,0.45273541659116745,0.37398892641067505,0.0787464901804924,
3,260819,mixed,MIXED,CNN_RNND,6869,0.28379542753100395,0.24291980266571045,0.04087562463246286,
3,260819,mixed,MIXED,CNN_RNND,6870,0.5372230485081673,0.43379996716976166,0.10342306178063154,
3,260819,mixed,MIXED,CNN_RNND,6871,0.45523371919989586,0.3603998087346554,0.09483390673995018,
3,260819,mixed,MIXED,CNN_RNND,6872,0.3296605683863163,0.27359282970428467,0.05606773402541876,
3,260819,mixed,MIXED,CNN_RNND,6873,0.5397418141365051,0.4340207278728485,0.10572109185159206,
3,260819,mixed,MIXED,CNN_RNND,6874,0.39707562793046236,0.32566507812589407,0.07141053961822763,
3,260819,mixed,MIXED,CNN_RNND,6875,0.5998622477054596,0.4689747020602226,0.13088754937052727,
3,260819,mixed,MIXED,CNN_RNND,6876,0.22193176671862602,0.19806278496980667,0.023868981865234673,
3,260819,mixed,MIXED,CNN_RNND,6877,0.5335433781147003,0.4259650185704231,0.10757836699485779,
3,260819,mixed,MIXED,CNN_RNND,6878,0.4310571476817131,0.34567839466035366,0.08537874545436352,
3,260819,mixed,MIXED,CNN_RNND,6879,0.5143957138061523,0.4106414467096329,0.10375426337122917,
3,260819,mixed,MIXED,CNN_RNND,6880,0.4580902010202408,0.3697725459933281,0.08831765130162239,
3,260819,mixed,MIXED,CNN_RNND,6881,0.37333934009075165,0.30724019929766655,0.06609914638102055,
3,260819,mixed,MIXED,CNN_RNND,6882,0.46317868679761887,0.37819137424230576,0.08498730324208736,
3,260819,mixed,MIXED,CNN_RNND,6883,0.47964514791965485,0.39410117268562317,0.08554397942498326,
3,260819,mixed,MIXED,CNN_RNND,6884,0.49347061663866043,0.4010602980852127,0.09241032227873802,
3,260819,mixed,MIXED,CNN_RNND,6885,0.505796916782856,0.41143155843019485,0.09436535183340311,
3,260819,mixed,MIXED,CNN_RNND,6886,0.2682994678616524,0.22829143330454826,0.040008033625781536,
3,260819,mixed,MIXED,CNN_RNND,6887,0.5145542696118355,0.41908782348036766,0.09546644752845168,
3,260819,mixed,MIXED,CNN_RNND,6888,0.4288982078433037,0.34238021075725555,0.08651799755170941,
3,260819,mixed,MIXED,CNN_RNND,6889,0.3360823020339012,0.2838432416319847,0.052239060401916504,
3,260819,mixed,MIXED,CNN_RNND,6890,0.405858114361763,0.3331448882818222,0.07271321676671505,
3,260819,mixed,MIXED,CNN_RNND,6891,0.4455253779888153,0.3686978295445442,0.07682755216956139,
3,260819,mixed,MIXED,CNN_RNND,6892,0.289501054212451,0.2520326729863882,0.03746838658116758,
3,260819,mixed,MIXED,CNN_RNND,6893,0.2823805660009384,0.24356789141893387,0.03881267784163356,
3,260819,mixed,MIXED,CNN_RNND,6894,0.504074864089489,0.40661563351750374,0.09745924407616258,
3,260819,mixed,MIXED,CNN_RNND,6895,0.3587350584566593,0.3034891337156296,0.05524592031724751,
3,260819,mixed,MIXED,CNN_RNND,6896,0.3327620178461075,0.2871745377779007,0.04558747913688421,
3,260819,mixed,MIXED,CNN_RNND,6897,0.46673204004764557,0.3773586302995682,0.08937340090051293,
3,260819,mixed,MIXED,CNN_RNND,6898,0.30406779795885086,0.2567606419324875,0.04730715695768595,
3,260819,mixed,MIXED,CNN_RNND,6899,0.3907051123678684,0.32082608714699745,0.06987902242690325,
3,260819,mixed,MIXED,CNN_RNND,6900,0.3739018738269806,0.30887772887945175,0.06502413656562567,
3,260819,mixed,MIXED,CNN_RNND,6901,0.26602696999907494,0.22967423498630524,0.03635273256804794,
3,260819,mixed,MIXED,CNN_RNND,6902,0.1909989919513464,0.1698128879070282,0.0211861053830944,
3,260819,mixed,MIXED,CNN_RNND,6903,0.4507371112704277,0.3623114377260208,0.08842567494139075,
3,260819,mixed,MIXED,CNN_RNND,6904,0.37981395423412323,0.3074384555220604,0.07237548753619194,
3,260819,mixed,MIXED,CNN_RNND,6905,0.40757592394948006,0.3351972810924053,0.07237864751368761,
3,260819,mixed,MIXED,CNN_RNND,6906,0.39031461998820305,0.31556007266044617,0.07475455664098263,
3,260819,mixed,MIXED,CNN_RNND,6907,0.4506195858120918,0.3732386380434036,0.07738094683736563,
3,260819,mixed,MIXED,CNN_RNND,6908,0.31548525765538216,0.26931043714284897,0.04617482214234769,
3,260819,mixed,MIXED,CNN_RNND,6909,0.6136698946356773,0.47793305292725563,0.1357368417084217,
3,260819,mixed,MIXED,CNN_RNND,6910,0.296459898352623,0.2552129626274109,0.041246929205954075,
3,260819,mixed,MIXED,CNN_RNND,6911,0.24188686534762383,0.2123594731092453,0.02952739386819303,
3,260819,mixed,MIXED,CNN_RNND,6912,0.32930025458335876,0.27536647394299507,0.05393378157168627,
3,260819,mixed,MIXED,CNN_RNND,6913,0.3528731167316437,0.2964591383934021,0.05641397857107222,
3,260819,mixed,MIXED,CNN_RNND,6914,0.493985615670681,0.40052380412817,0.09346181340515614,
3,260819,mixed,MIXED,CNN_RNND,6915,0.3508197069168091,0.2933826595544815,0.05743705929489806,
3,260819,mixed,MIXED,CNN_RNND,6916,0.3597429506480694,0.3014065697789192,0.05833638343028724,
3,260819,mixed,MIXED,CNN_RNND,6917,0.5971256010234356,0.46996342949569225,0.12716216407716274,
3,260819,mixed,MIXED,CNN_RNND,6918,0.26816077157855034,0.2300991378724575,0.03806162904947996,
3,260819,mixed,MIXED,CNN_RNND,6919,0.4613824933767319,0.3708108365535736,0.0905716479755938,
3,260819,mixed,MIXED,CNN_RNND,6920,0.2675660289824009,0.22956891357898712,0.03799711575265974,
3,260819,mixed,MIXED,CNN_RNND,6921,0.29679936170578003,0.2519705407321453,0.04482882656157017,
3,260819,mixed,MIXED,CNN_RNND,6922,0.5058033987879753,0.4116044342517853,0.09419896779581904,
3,260819,mixed,MIXED,CNN_RNND,6923,0.5133375786244869,0.4147666431963444,0.09857094381004572,
3,260819,mixed,MIXED,CNN_RNND,6924,0.3277135342359543,0.2740490660071373,0.053664471488446,
3,260819,mixed,MIXED,CNN_RNND,6925,0.30920712277293205,0.2557032126933336,0.05350391042884439,
3,260819,mixed,MIXED,CNN_RNND,6926,0.2591104134917259,0.2228858433663845,0.03622456069570035,
3,260819,mixed,MIXED,CNN_RNND,6927,0.33342199958860874,0.2811074573546648,0.05231453920714557,
3,260819,mixed,MIXED,CNN_RNND,6928,0.5279666110873222,0.4171368479728699,0.11082976125180721,
3,260819,mixed,MIXED,CNN_RNND,6929,0.36423425003886223,0.3020028918981552,0.06223135767504573,
3,260819,mixed,MIXED,CNN_RNND,6930,0.41880518570542336,0.342374000698328,0.07643117499537766,
3,260819,mixed,MIXED,CNN_RNND,6931,0.37931670621037483,0.31043732166290283,0.06887938571162522,
3,260819,mixed,MIXED,CNN_RNND,6932,0.2701294384896755,0.23102832026779652,0.03910111915320158,
3,260819,mixed,MIXED,CNN_RNND,6933,0.21985075436532497,0.1924432199448347,0.02740753721445799,
3,260819,mixed,MIXED,CNN_RNND,6934,0.5109059475362301,0.4099007770419121,0.1010051816701889,
3,260819,mixed,MIXED,CNN_RNND,6935,0.39124947786331177,0.31868837773799896,0.0725610958179459,
3,260819,mixed,MIXED,CNN_RNND,6936,0.3921811655163765,0.32175395265221596,0.07042719842866063,
3,260819,mixed,MIXED,CNN_RNND,6937,0.5026255324482918,0.39497514069080353,0.1076503898948431,
3,260819,mixed,MIXED,CNN_RNND,6938,0.4821983724832535,0.39486678689718246,0.08733159210532904,
3,260819,mixed,MIXED,CNN_RNND,6939,0.42136886343359947,0.3408258333802223,0.08054303005337715,
3,260819,mixed,MIXED,CNN_RNND,6940,0.3529461659491062,0.2887178547680378,0.0642283190973103,
3,260819,mixed,MIXED,CNN_RNND,6941,0.32077386509627104,0.2658111033961177,0.054962755952146836,
3,260819,mixed,MIXED,CNN_RNND,6942,0.29757191985845566,0.24575353600084782,0.051818383391946554,
3,260819,mixed,MIXED,CNN_RNND,6943,0.5012661442160606,0.39785564690828323,0.10341048520058393,
3,260819,mixed,MIXED,CNN_RNND,6944,0.2460312508046627,0.21745290979743004,0.028578335884958506,
3,260819,mixed,MIXED,CNN_RNND,6945,0.45789628848433495,0.37955258414149284,0.07834370341151953,
3,260819,mixed,MIXED,CNN_RNND,6946,0.44890787079930305,0.3584131672978401,0.09049470582976937,
3,260819,mixed,MIXED,CNN_RNND,6947,0.3360823541879654,0.2836857885122299,0.052396565675735474,
3,260819,mixed,MIXED,CNN_RNND,6948,0.2515852078795433,0.20901551097631454,0.042569695971906185,
3,260819,mixed,MIXED,CNN_RNND,6949,0.39451219141483307,0.3328799307346344,0.06163225322961807,
3,260819,mixed,MIXED,CNN_RNND,6950,0.41242025047540665,0.3386668600142002,0.07375338394194841,
3,260819,mixed,MIXED,CNN_RNND,6951,0.517361581325531,0.40891631692647934,0.10844525322318077,
3,260819,mixed,MIXED,CNN_RNND,6952,0.38859231770038605,0.329943235963583,0.05864908918738365,
3,260819,mixed,MIXED,CNN_RNND,6953,0.48148750327527523,0.384922256693244,0.09656523924786597,
3,260819,mixed,MIXED,CNN_RNND,6954,0.4689291249960661,0.37367773056030273,0.09525139530887827,
3,260819,mixed,MIXED,CNN_RNND,6955,0.34182437136769295,0.28447553887963295,0.05734883528202772,
3,260819,mixed,MIXED,CNN_RNND,6956,0.3721770867705345,0.30658452585339546,0.06559255439788103,
3,260819,mixed,MIXED,CNN_RNND,6957,0.30544676445424557,0.2586909718811512,0.04675579024478793,
3,260819,mixed,MIXED,CNN_RNND,6958,0.43013329803943634,0.35179656371474266,0.0783367244002875,
3,260819,mixed,MIXED,CNN_RNND,6959,0.29335160553455353,0.25249312445521355,0.04085847828537226,
3,260819,mixed,MIXED,CNN_RNND,6960,0.3555140048265457,0.2980470806360245,0.05746692459797487,
3,260819,mixed,MIXED,CNN_RNND,6961,0.4145459234714508,0.34271156042814255,0.07183436304330826,
3,260819,mixed,MIXED,CNN_RNND,6962,0.3814958818256855,0.31114324927330017,0.07035262696444988,
3,260819,mixed,MIXED,CNN_RNND,6963,0.31346673518419266,0.2583918608725071,0.055074877105653286,
3,260819,mixed,MIXED,CNN_RNND,6964,0.42196834832429886,0.34625285491347313,0.07571548246778548,
3,260819,mixed,MIXED,CNN_RNND,6965,0.4210794046521187,0.34411682933568954,0.07696258276700974,
3,260819,mixed,MIXED,CNN_RNND,6966,0.15419957414269447,0.1414022445678711,0.012797332019545138,
3,260819,mixed,MIXED,CNN_RNND,6967,0.4254266172647476,0.35170619562268257,0.07372042402857915,
3,260819,mixed,MIXED,CNN_RNND,6968,0.3581927940249443,0.30738314241170883,0.05080964416265488,
3,260819,mixed,MIXED,CNN_RNND,6969,0.45348598808050156,0.3682684600353241,0.08521752525120974,
3,260819,mixed,MIXED,CNN_RNND,6970,0.30641321279108524,0.25728072226047516,0.049132495711091906,
3,260819,mixed,MIXED,CNN_RNND,6971,0.28681614622473717,0.2420457974076271,0.04477034416049719,
3,260819,mixed,MIXED,CNN_RNND,6972,0.32940734550356865,0.2815544530749321,0.047852884978055954,
3,260819,mixed,MIXED,CNN_RNND,6973,0.4466375596821308,0.3656712919473648,0.08096625749021769,
3,260819,mixed,MIXED,CNN_RNND,6974,0.5955151468515396,0.479598231613636,0.1159169152379036,
3,260819,mixed,MIXED,CNN_RNND,6975,0.3224819768220186,0.2695591114461422,0.05292285676114261,
3,260819,mixed,MIXED,CNN_RNND,6976,0.3088623359799385,0.25685010105371475,0.0520122442394495,
3,260819,mixed,MIXED,CNN_RNND,6977,0.4162760004401207,0.3373687341809273,0.07890725508332253,
3,260819,mixed,MIXED,CNN_RNND,6978,0.3208520747721195,0.26632706820964813,0.05452500423416495,
3,260819,mixed,MIXED,CNN_RNND,6979,0.2949942536652088,0.2504011504352093,0.04459309985395521,
3,260819,mixed,MIXED,CNN_RNND,6980,0.5236659571528435,0.4200444743037224,0.10362149029970169,
3,260819,mixed,MIXED,CNN_RNND,6981,0.4074912518262863,0.3270657993853092,0.08042545965872705,
3,260819,mixed,MIXED,CNN_RNND,6982,0.5854747146368027,0.46173161268234253,0.12374309170991182,
3,260819,mixed,MIXED,CNN_RNND,6983,0.4048856496810913,0.33550088480114937,0.06938475975766778,
3,260819,mixed,MIXED,CNN_RNND,6984,0.31958602368831635,0.26847726851701736,0.051108756102621555,
3,260819,mixed,MIXED,CNN_RNND,6985,0.22029702365398407,0.19730863347649574,0.022988385404460132,
3,260819,mixed,MIXED,CNN_RNND,6986,0.5949717909097672,0.4736928194761276,0.12127896770834923,
3,260819,mixed,MIXED,CNN_RNND,6987,0.3338587135076523,0.28225158900022507,0.051607114262878895,
3,260819,mixed,MIXED,CNN_RNND,6988,0.39436251670122147,0.3237014599144459,0.07066105026751757,
3,260819,mixed,MIXED,CNN_RNND,6989,0.4107708875089884,0.33401746302843094,0.07675341027788818,
3,260819,mixed,MIXED,CNN_RNND,6990,0.4262717217206955,0.3482995815575123,0.0779721251456067,
3,260819,mixed,MIXED,CNN_RNND,6991,0.4779884163290262,0.3854869268834591,0.09250150003936142,
3,260819,mixed,MIXED,CNN_RNND,6992,0.31733391992747784,0.2588869947940111,0.05844693479593843,
3,260819,mixed,MIXED,CNN_RNND,6993,0.2576945461332798,0.21286593191325665,0.04482861622818746,
3,260819,mixed,MIXED,CNN_RNND,6994,0.3667954206466675,0.30664103105664253,0.06015438213944435,
3,260819,mixed,MIXED,CNN_RNND,6995,0.4111333340406418,0.33954910561442375,0.07158422563225031,
3,260819,mixed,MIXED,CNN_RNND,6996,0.463307972997427,0.37387529760599136,0.0894326800480485,
3,260819,mixed,MIXED,CNN_RNND,6997,0.3790874294936657,0.3133559934794903,0.06573143089190125,
3,260819,mixed,MIXED,CNN_RNND,6998,0.3553715609014034,0.30062537640333176,0.05474618053995073,
3,260819,mixed,MIXED,CNN_RNND,6999,0.32305313274264336,0.26902471110224724,0.054028422862757,
3,260819,mixed,MIXED,CNN_RNND,7000,0.24401700869202614,0.21236495301127434,0.03165206022094935,-1.1116554888580192
3,260819,mixed,MIXED,CNN_RNND,7001,0.47765427827835083,0.3815068490803242,0.09614742081612349,
3,260819,mixed,MIXED,CNN_RNND,7002,0.3037724755704403,0.25785423442721367,0.04591824347153306,
3,260819,mixed,MIXED,CNN_RNND,7003,0.35879646986722946,0.2989380396902561,0.05985842738300562,
3,260819,mixed,MIXED,CNN_RNND,7004,0.4209297373890877,0.34567124396562576,0.07525850273668766,
3,260819,mixed,MIXED,CNN_RNND,7005,0.40693453699350357,0.33348849415779114,0.0734460458625108,
3,260819,mixed,MIXED,CNN_RNND,7006,0.3754550442099571,0.31425003707408905,0.06120499549433589,
3,260819,mixed,MIXED,CNN_RNND,7007,0.40575701370835304,0.3368108421564102,0.06894617294892669,
3,260819,mixed,MIXED,CNN_RNND,7008,0.22041509486734867,0.19586097914725542,0.024554115123464726,
3,260819,mixed,MIXED,CNN_RNND,7009,0.3362105246633291,0.2821028549224138,0.054107673931866884,
3,260819,mixed,MIXED,CNN_RNND,7010,0.5568254254758358,0.44474686682224274,0.11207856284454465,
3,260819,mixed,MIXED,CNN_RNND,7011,0.21577373147010803,0.19564331322908401,0.020130416378378868,
3,260819,mixed,MIXED,CNN_RNND,7012,0.48391594737768173,0.3925377130508423,0.0913782361894846,
3,260819,mixed,MIXED,CNN_RNND,7013,0.47777870297431946,0.38658783212304115,0.0911908745765686,
3,260819,mixed,MIXED,CNN_RNND,7014,0.3402588330209255,0.2794382143765688,0.060820627375505865,
3,260819,mixed,MIXED,CNN_RNND,7015,0.5699386261403561,0.4473748803138733,0.12256374023854733,
3,260819,mixed,MIXED,CNN_RNND,7016,0.33075665682554245,0.27448606863617897,0.056270589120686054,
3,260819,mixed,MIXED,CNN_RNND,7017,0.5110592916607857,0.4094533622264862,0.10160592989996076,
3,260819,mixed,MIXED,CNN_RNND,7018,0.32557491585612297,0.2700215205550194,0.055553389713168144,
3,260819,mixed,MIXED,CNN_RNND,7019,0.4242037907242775,0.3458835706114769,0.07832021452486515,
3,260819,mixed,MIXED,CNN_RNND,7020,0.49444667249917984,0.3986328989267349,0.09581376053392887,
3,260819,mixed,MIXED,CNN_RNND,7021,0.463240597397089,0.3752803783863783,0.0879602159402566,
3,260819,mixed,MIXED,CNN_RNND,7022,0.3219776190817356,0.2634783834218979,0.05849924049107358,
3,260819,mixed,MIXED,CNN_RNND,7023,0.46350426971912384,0.3782620280981064,0.08524224651046097,
3,260819,mixed,MIXED,CNN_RNND,7024,0.4024970084428787,0.3320139944553375,0.0704830139875412,
3,260819,mixed,MIXED,CNN_RNND,7025,0.4681122526526451,0.38800048828125,0.08011176716536283,
3,260819,mixed,MIXED,CNN_RNND,7026,0.655826635658741,0.5151053965091705,0.1407212447375059,
3,260819,mixed,MIXED,CNN_RNND,7027,0.3080723453313112,0.26298705860972404,0.045085292047588155,
3,260819,mixed,MIXED,CNN_RNND,7028,0.5015674382448196,0.40424013137817383,0.09732731245458126,
3,260819,mixed,MIXED,CNN_RNND,7029,0.28381234779953957,0.24139951914548874,0.042412832379341125,
3,260819,mixed,MIXED,CNN_RNND,7030,0.47511114180088043,0.38200733810663223,0.09310379810631275,
3,260819,mixed,MIXED,CNN_RNND,7031,0.4272615760564804,0.3499552831053734,0.07730630482546985,
3,260819,mixed,MIXED,CNN_RNND,7032,0.5396307706832886,0.43260738253593445,0.10702338442206383,
3,260819,mixed,MIXED,CNN_RNND,7033,0.40230657905340195,0.3271787017583847,0.07512787263840437,
3,260819,mixed,MIXED,CNN_RNND,7034,0.30922663398087025,0.2564617898315191,0.052764841238968074,
3,260819,mixed,MIXED,CNN_RNND,7035,0.53604756295681,0.4306320250034332,0.10541553422808647,
3,260819,mixed,MIXED,CNN_RNND,7036,0.4240226522088051,0.35372111201286316,0.07030154298990965,
3,260819,mixed,MIXED,CNN_RNND,7037,0.3545481599867344,0.29494619742035866,0.059601956338156015,
3,260819,mixed,MIXED,CNN_RNND,7038,0.3233037628233433,0.2708076387643814,0.05249613104388118,
3,260819,mixed,MIXED,CNN_RNND,7039,0.4156011529266834,0.33883630856871605,0.07676484296098351,
3,260819,mixed,MIXED,CNN_RNND,7040,0.5010574832558632,0.4016282856464386,0.09942919760942459,
3,260819,mixed,MIXED,CNN_RNND,7041,0.5403544530272484,0.43406128138303757,0.10629317350685596,
3,260819,mixed,MIXED,CNN_RNND,7042,0.6840568333864212,0.5332892090082169,0.15076763555407524,
3,260819,mixed,MIXED,CNN_RNND,7043,0.5211525559425354,0.41632062941789627,0.1048319237306714,
3,260819,mixed,MIXED,CNN_RNND,7044,0.27901092171669006,0.23638111166656017,0.042629811621736735,
3,260819,mixed,MIXED,CNN_RNND,7045,0.38920702785253525,0.3225080259144306,0.06669900193810463,
3,260819,mixed,MIXED,CNN_RNND,7046,0.4243815615773201,0.34703873097896576,0.07734282687306404,
3,260819,mixed,MIXED,CNN_RNND,7047,0.3441968783736229,0.2839800789952278,0.0602168096229434,
3,260819,mixed,MIXED,CNN_RNND,7048,0.26294650323688984,0.22648965567350388,0.03645685070659965,
3,260819,mixed,MIXED,CNN_RNND,7049,0.34706782922148705,0.28757830522954464,0.059489530976861715,
3,260819,mixed,MIXED,CNN_RNND,7050,0.4090955816209316,0.3399028517305851,0.06919274106621742,
3,260819,mixed,MIXED,CNN_RNND,7051,0.4744712933897972,0.3873952105641365,0.08707608445547521,
3,260819,mixed,MIXED,CNN_RNND,7052,0.36532001942396164,0.30144213885068893,0.06387787580024451,
3,260819,mixed,MIXED,CNN_RNND,7053,0.2738060709089041,0.23879313096404076,0.035012939071748406,
3,260819,mixed,MIXED,CNN_RNND,7054,0.5018481910228729,0.40439046919345856,0.09745772927999496,
3,260819,mixed,MIXED,CNN_RNND,7055,0.5030986219644547,0.39951101318001747,0.10358761087991297,
3,260819,mixed,MIXED,CNN_RNND,7056,0.41758832335472107,0.3442944623529911,0.07329386565834284,
3,260819,mixed,MIXED,CNN_RNND,7057,0.3121108114719391,0.2649216614663601,0.04718914953991771,
3,260819,mixed,MIXED,CNN_RNND,7058,0.3940596804022789,0.3258393108844757,0.06822036765515804,
3,260819,mixed,MIXED,CNN_RNND,7059,0.6212194785475731,0.491102010011673,0.13011745363473892,
3,260819,mixed,MIXED,CNN_RNND,7060,0.3402489796280861,0.2847628891468048,0.05548608163371682,
3,260819,mixed,MIXED,CNN_RNND,7061,0.3536306768655777,0.2924199439585209,0.06121074454858899,
3,260819,mixed,MIXED,CNN_RNND,7062,0.4848380871117115,0.39694391936063766,0.08789417101070285,
3,260819,mixed,MIXED,CNN_RNND,7063,0.3526259697973728,0.2975950688123703,0.05503089865669608,
3,260819,mixed,MIXED,CNN_RNND,7064,0.23445168137550354,0.2033863663673401,0.031065316637977958,
3,260819,mixed,MIXED,CNN_RNND,7065,0.42898574098944664,0.347686268389225,0.08129947620909661,
3,260819,mixed,MIXED,CNN_RNND,7066,0.6023237034678459,0.47896118462085724,0.12336250953376293,
3,260819,mixed,MIXED,CNN_RNND,7067,0.3376683443784714,0.2762804925441742,0.061387852765619755,
3,260819,mixed,MIXED,CNN_RNND,7068,0.33567165583372116,0.28456640243530273,0.051105248276144266,
3,260819,mixed,MIXED,CNN_RNND,7069,0.35254768654704094,0.3004637099802494,0.05208396911621094,
3,260819,mixed,MIXED,CNN_RNND,7070,0.4087841659784317,0.33892273530364037,0.06986142450477928,
3,260819,mixed,MIXED,CNN_RNND,7071,0.47692476212978363,0.3880350962281227,0.08888967335224152,
3,260819,mixed,MIXED,CNN_RNND,7072,0.31384373269975185,0.26005854457616806,0.053785187483299524,
3,260819,mixed,MIXED,CNN_RNND,7073,0.4244016632437706,0.3516480326652527,0.07275363057851791,
3,260819,mixed,MIXED,CNN_RNND,7074,0.29875388741493225,0.25687334686517715,0.041880540549755096,
3,260819,mixed,MIXED,CNN_RNND,7075,0.5315877124667168,0.4243777468800545,0.10720997117459774,
3,260819,mixed,MIXED,CNN_RNND,7076,0.5876721441745758,0.4702476039528847,0.11742453463375568,
3,260819,mixed,MIXED,CNN_RNND,7077,0.4620891138911247,0.37825626879930496,0.08383284416049719,
3,260819,mixed,MIXED,CNN_RNND,7078,0.41174226999282837,0.3428511843085289,0.06889109686017036,
3,260819,mixed,MIXED,CNN_RNND,7079,0.33489101380109787,0.27612970396876335,0.05876131262630224,
3,260819,mixed,MIXED,CNN_RNND,7080,0.43900682032108307,0.3637766093015671,0.0752301998436451,
3,260819,mixed,MIXED,CNN_RNND,7081,0.5643442794680595,0.4525839611887932,0.11176031455397606,
3,260819,mixed,MIXED,CNN_RNND,7082,0.5384273156523705,0.4346485212445259,0.1037787925451994,
3,260819,mixed,MIXED,CNN_RNND,7083,0.22754821181297302,0.1948272753506899,0.03272093762643635,
3,260819,mixed,MIXED,CNN_RNND,7084,0.49207544326782227,0.3977293074131012,0.09434613958001137,
3,260819,mixed,MIXED,CNN_RNND,7085,0.6754492074251175,0.5269924998283386,0.1484567243605852,
3,260819,mixed,MIXED,CNN_RNND,7086,0.42912884429097176,0.35157134756445885,0.07755749300122261,
3,260819,mixed,MIXED,CNN_RNND,7087,0.3021577447652817,0.26344262436032295,0.03871511621400714,
3,260819,mixed,MIXED,CNN_RNND,7088,0.30865092389285564,0.2600301466882229,0.04862078552832827,
3,260819,mixed,MIXED,CNN_RNND,7089,0.47844338044524193,0.3865748271346092,0.09186855470761657,
3,260819,mixed,MIXED,CNN_RNND,7090,0.3062998577952385,0.25612254999578,0.050177307915873826,
3,260819,mixed,MIXED,CNN_RNND,7091,0.3793903775513172,0.3095453940331936,0.0698449911433272,
3,260819,mixed,MIXED,CNN_RNND,7092,0.26768090203404427,0.22903728857636452,0.03864360973238945,
3,260819,mixed,MIXED,CNN_RNND,7093,0.28313990496098995,0.24036985263228416,0.042770052707055584,
3,260819,mixed,MIXED,CNN_RNND,7094,0.2767171710729599,0.2380002625286579,0.038716909009963274,
3,260819,mixed,MIXED,CNN_RNND,7095,0.5345844104886055,0.43203213065862656,0.10255227982997894,
3,260819,mixed,MIXED,CNN_RNND,7096,0.35023629665374756,0.29370169900357723,0.05653459101449698,
3,260819,mixed,MIXED,CNN_RNND,7097,0.43357233703136444,0.35841068625450134,0.07516164891421795,
3,260819,mixed,MIXED,CNN_RNND,7098,0.334596686065197,0.2873572036623955,0.047239485662430525,
3,260819,mixed,MIXED,CNN_RNND,7099,0.420705821365118,0.33917078375816345,0.08153503970243037,
3,260819,mixed,MIXED,CNN_RNND,7100,0.531169094145298,0.425203837454319,0.10596525855362415,
3,260819,mixed,MIXED,CNN_RNND,7101,0.43597864732146263,0.3526301272213459,0.0833485284820199,
3,260819,mixed,MIXED,CNN_RNND,7102,0.47428396344184875,0.3847077786922455,0.08957619033753872,
3,260819,mixed,MIXED,CNN_RNND,7103,0.38385501131415367,0.32089047133922577,0.06296453345566988,
3,260819,mixed,MIXED,CNN_RNND,7104,0.36064428091049194,0.3039601296186447,0.056684158742427826,
3,260819,mixed,MIXED,CNN_RNND,7105,0.32578653655946255,0.2691255062818527,0.05666102358372882,
3,260819,mixed,MIXED,CNN_RNND,7106,0.2958885207772255,0.25322679430246353,0.04266172368079424,
3,260819,mixed,MIXED,CNN_RNND,7107,0.25660451874136925,0.21631423570215702,0.040290277218446136,
3,260819,mixed,MIXED,CNN_RNND,7108,0.36653014458715916,0.3026356175541878,0.06389451981522143,
3,260819,mixed,MIXED,CNN_RNND,7109,0.3179895021021366,0.2726696506142616,0.04531985544599593,
3,260819,mixed,MIXED,CNN_RNND,7110,0.3637443296611309,0.2999019753187895,0.06384236505255103,
3,260819,mixed,MIXED,CNN_RNND,7111,0.29388242214918137,0.24744930490851402,0.046433120529400185,
3,260819,mixed,MIXED,CNN_RNND,7112,0.541683979332447,0.44013627618551254,0.10154771246016026,
3,260819,mixed,MIXED,CNN_RNND,7113,0.5696755573153496,0.45070885121822357,0.11896671820431948,
3,260819,mixed,MIXED,CNN_RNND,7114,0.36894894763827324,0.3006722889840603,0.06827666331082582,
3,260819,mixed,MIXED,CNN_RNND,7115,0.1848801914602518,0.1617861557751894,0.023094039235729724,
3,260819,mixed,MIXED,CNN_RNND,7116,0.3709813319146633,0.3066813349723816,0.06430000485852361,
3,260819,mixed,MIXED,CNN_RNND,7117,0.4718104228377342,0.3850570619106293,0.08675336092710495,
3,260819,mixed,MIXED,CNN_RNND,7118,0.39004968851804733,0.3269278407096863,0.06312184873968363,
3,260819,mixed,MIXED,CNN_RNND,7119,0.30265121906995773,0.2583498954772949,0.04430132592096925,
3,260819,mixed,MIXED,CNN_RNND,7120,0.36315069533884525,0.29586489498615265,0.06728579953778535,
3,260819,mixed,MIXED,CNN_RNND,7121,0.268974632024765,0.22449452430009842,0.04448009887710214,
3,260819,mixed,MIXED,CNN_RNND,7122,0.3354915753006935,0.2760641686618328,0.05942740757018328,
3,260819,mixed,MIXED,CNN_RNND,7123,0.5483286455273628,0.4458853080868721,0.10244333930313587,
3,260819,mixed,MIXED,CNN_RNND,7124,0.5105012841522694,0.41300150752067566,0.09749977616593242,
3,260819,mixed,MIXED,CNN_RNND,7125,0.28192228823900223,0.23976599797606468,0.04215628746896982,
3,260819,mixed,MIXED,CNN_RNND,7126,0.43638018891215324,0.34856075793504715,0.08781943190842867,
3,260819,mixed,MIXED,CNN_RNND,7127,0.6040357574820518,0.48460984975099564,0.11942591518163681,
3,260819,mixed,MIXED,CNN_RNND,7128,0.34562892094254494,0.2911160849034786,0.05451282858848572,
3,260819,mixed,MIXED,CNN_RNND,7129,0.4210727773606777,0.34815964847803116,0.0729131274856627,
3,260819,mixed,MIXED,CNN_RNND,7130,0.38552141934633255,0.3177286759018898,0.0677927415817976,
3,260819,mixed,MIXED,CNN_RNND,7131,0.3711557313799858,0.3069964870810509,0.06415924639441073,
3,260819,mixed,MIXED,CNN_RNND,7132,0.426174096763134,0.3468281179666519,0.07934598065912724,
3,260819,mixed,MIXED,CNN_RNND,7133,0.4561053737998009,0.3771945759654045,0.07891079783439636,
3,260819,mixed,MIXED,CNN_RNND,7134,0.3161647077649832,0.2623365540057421,0.05382815224584192,
3,260819,mixed,MIXED,CNN_RNND,7135,0.48558150231838226,0.3980949968099594,0.0874865222722292,
3,260819,mixed,MIXED,CNN_RNND,7136,0.5045898109674454,0.39718103408813477,0.10740877315402031,
3,260819,mixed,MIXED,CNN_RNND,7137,0.39391542598605156,0.3200078085064888,0.07390762073919177,
3,260819,mixed,MIXED,CNN_RNND,7138,0.26270459592342377,0.2229848261922598,0.039719770196825266,
3,260819,mixed,MIXED,CNN_RNND,7139,0.31404799595475197,0.2655108794569969,0.048537119990214705,
3,260819,mixed,MIXED,CNN_RNND,7140,0.3921528309583664,0.32047775015234947,0.07167507242411375,
3,260819,mixed,MIXED,CNN_RNND,7141,0.3935919366776943,0.32437847554683685,0.06921345461159945,
3,260819,mixed,MIXED,CNN_RNND,7142,0.5410981103777885,0.4384016916155815,0.10269642435014248,
3,260819,mixed,MIXED,CNN_RNND,7143,0.47152427583932877,0.38084494695067406,0.09067932516336441,
3,260819,mixed,MIXED,CNN_RNND,7144,0.26044199243187904,0.22535582445561886,0.03508617077022791,
3,260819,mixed,MIXED,CNN_RNND,7145,0.4712883420288563,0.37587662041187286,0.09541170285956468,
3,260819,mixed,MIXED,CNN_RNND,7146,0.2967672683298588,0.2518814764916897,0.04488578625023365,
3,260819,mixed,MIXED,CNN_RNND,7147,0.5372933149337769,0.4271119460463524,0.11018137075006962,
3,260819,mixed,MIXED,CNN_RNND,7148,0.530019000172615,0.42450136691331863,0.1055176230147481,
3,260819,mixed,MIXED,CNN_RNND,7149,0.25458644703030586,0.22110263258218765,0.03348381305113435,
3,260819,mixed,MIXED,CNN_RNND,7150,0.447062686085701,0.36206095665693283,0.08500173687934875,
3,260819,mixed,MIXED,CNN_RNND,7151,0.39815155789256096,0.3275593966245651,0.07059216289781034,
3,260819,mixed,MIXED,CNN_RNND,7152,0.3235972113907337,0.2724492345005274,0.05114798294380307,
3,260819,mixed,MIXED,CNN_RNND,7153,0.3022323325276375,0.2537963055074215,0.04843603086192161,
3,260819,mixed,MIXED,CNN_RNND,7154,0.5168912447988987,0.4106055051088333,0.10628574108704925,
3,260819,mixed,MIXED,CNN_RNND,7155,0.34549300745129585,0.2856503613293171,0.059842638205736876,
3,260819,mixed,MIXED,CNN_RNND,7156,0.25892636366188526,0.2217133417725563,0.0372130197356455,
3,260819,mixed,MIXED,CNN_RNND,7157,0.3067124951630831,0.2572622746229172,0.04945021599996835,
3,260819,mixed,MIXED,CNN_RNND,7158,0.4368719756603241,0.35266025364398956,0.08421171642839909,
3,260819,mixed,MIXED,CNN_RNND,7159,0.4829656193032861,0.39041940681636333,0.09254621231229976,
3,260819,mixed,MIXED,CNN_RNND,7160,0.30686965584754944,0.26351966336369514,0.043349986197426915,
3,260819,mixed,MIXED,CNN_RNND,7161,0.267343956977129,0.22647542878985405,0.040868529584258795,
3,260819,mixed,MIXED,CNN_RNND,7162,0.667611226439476,0.5290100499987602,0.1386011727154255,
3,260819,mixed,MIXED,CNN_RNND,7163,0.49967508018016815,0.39969538897275925,0.09997970052063465,
3,260819,mixed,MIXED,CNN_RNND,7164,0.4236574210226536,0.3521123677492142,0.0715450644493103,
3,260819,mixed,MIXED,CNN_RNND,7165,0.3580670617520809,0.2963954471051693,0.06167161627672613,
3,260819,mixed,MIXED,CNN_RNND,7166,0.28339631110429764,0.2428349182009697,0.04056139662861824,
3,260819,mixed,MIXED,CNN_RNND,7167,0.3020988553762436,0.2517228350043297,0.05037602211814374,
3,260819,mixed,MIXED,CNN_RNND,7168,0.42020009458065033,0.3423619717359543,0.07783812656998634,
3,260819,mixed,MIXED,CNN_RNND,7169,0.30979518219828606,0.2619546800851822,0.047840505838394165,
3,260819,mixed,MIXED,CNN_RNND,7170,0.37913525477051735,0.31435517966747284,0.0647800809238106,
3,260819,mixed,MIXED,CNN_RNND,7171,0.4286155551671982,0.34702519699931145,0.08159035490825772,
3,260819,mixed,MIXED,CNN_RNND,7172,0.2647837996482849,0.2334841899573803,0.031299610156565905,
3,260819,mixed,MIXED,CNN_RNND,7173,0.38611259311437607,0.3219072110950947,0.06420538388192654,
3,260819,mixed,MIXED,CNN_RNND,7174,0.38941942527890205,0.3252735510468483,0.06414586561731994,
3,260819,mixed,MIXED,CNN_RNND,7175,0.3097449913620949,0.26262592896819115,0.047119063790887594,
3,260819,mixed,MIXED,CNN_RNND,7176,0.29356468468904495,0.24674436822533607,0.04682031902484596,
3,260819,mixed,MIXED,CNN_RNND,7177,0.38459279388189316,0.3128772974014282,0.07171549554914236,
3,260819,mixed,MIXED,CNN_RNND,7178,0.46354952082037926,0.37833354249596596,0.08521598484367132,
3,260819,mixed,MIXED,CNN_RNND,7179,0.34163442626595497,0.2869875468313694,0.054646878968924284,
3,260819,mixed,MIXED,CNN_RNND,7180,0.3428630940616131,0.2950259782373905,0.047837115824222565,
3,260819,mixed,MIXED,CNN_RNND,7181,0.3849982060492039,0.32289644330739975,0.062101753894239664,
3,260819,mixed,MIXED,CNN_RNND,7182,0.481537900865078,0.3944685384631157,0.08706935774534941,
3,260819,mixed,MIXED,CNN_RNND,7183,0.34283541329205036,0.28516588918864727,0.057669523055665195,
3,260819,mixed,MIXED,CNN_RNND,7184,0.34241341426968575,0.2833770737051964,0.05903633055277169,
3,260819,mixed,MIXED,CNN_RNND,7185,0.41858432441949844,0.34045877307653427,0.0781255541369319,
3,260819,mixed,MIXED,CNN_RNND,7186,0.3677510842680931,0.3020077086985111,0.06574337789788842,
3,260819,mixed,MIXED,CNN_RNND,7187,0.34116143733263016,0.2822622023522854,0.05889923684298992,
3,260819,mixed,MIXED,CNN_RNND,7188,0.49313972145318985,0.3994896337389946,0.0936500933021307,
3,260819,mixed,MIXED,CNN_RNND,7189,0.4645868092775345,0.3682252988219261,0.09636150626465678,
3,260819,mixed,MIXED,CNN_RNND,7190,0.43678975105285645,0.35216499865055084,0.08462475892156363,
3,260819,mixed,MIXED,CNN_RNND,7191,0.35237837582826614,0.29933521524071693,0.05304316617548466,
3,260819,mixed,MIXED,CNN_RNND,7192,0.5147192664444447,0.4130364619195461,0.10168280405923724,
3,260819,mixed,MIXED,CNN_RNND,7193,0.6295807510614395,0.49470558762550354,0.13487518019974232,
3,260819,mixed,MIXED,CNN_RNND,7194,0.31544923037290573,0.2696857564151287,0.04576347256079316,
3,260819,mixed,MIXED,CNN_RNND,7195,0.3362795151770115,0.27530401945114136,0.06097549432888627,
3,260819,mixed,MIXED,CNN_RNND,7196,0.4493966083973646,0.36208801716566086,0.08730859420029446,
3,260819,mixed,MIXED,CNN_RNND,7197,0.4951977916061878,0.39374107494950294,0.1014567277597962,
3,260819,mixed,MIXED,CNN_RNND,7198,0.37105993181467056,0.3032495081424713,0.06781042367219925,
3,260819,mixed,MIXED,CNN_RNND,7199,0.41411665454506874,0.34036342799663544,0.07375323143787682,
3,260819,mixed,MIXED,CNN_RNND,7200,0.2512552887201309,0.2166626751422882,0.03459261078387499,-1.1048800316035765
3,260819,mixed,MIXED,CNN_RNND,7201,0.3071062108501792,0.25342065934091806,0.05368555636960082,
3,260819,mixed,MIXED,CNN_RNND,7202,0.3574524596333504,0.29998136311769485,0.057471102103590965,
3,260819,mixed,MIXED,CNN_RNND,7203,0.4015276152640581,0.3246714435517788,0.0768561678705737,
3,260819,mixed,MIXED,CNN_RNND,7204,0.44979726523160934,0.3692215010523796,0.08057576045393944,
3,260819,mixed,MIXED,CNN_RNND,7205,0.35903069749474525,0.30067044124007225,0.058360253693535924,
3,260819,mixed,MIXED,CNN_RNND,7206,0.35459297709167004,0.29058682546019554,0.06400615032180212,
3,260819,mixed,MIXED,CNN_RNND,7207,0.39156780391931534,0.3212834373116493,0.07028436195105314,
3,260819,mixed,MIXED,CNN_RNND,7208,0.5169118344783783,0.41622666269540787,0.10068517178297043,
3,260819,mixed,MIXED,CNN_RNND,7209,0.24675405956804752,0.21213685162365437,0.03461720887571573,
3,260819,mixed,MIXED,CNN_RNND,7210,0.3786068931221962,0.31900129094719887,0.059605594258755445,
3,260819,mixed,MIXED,CNN_RNND,7211,0.43206430599093437,0.34922897815704346,0.08283532736822963,
3,260819,mixed,MIXED,CNN_RNND,7212,0.3819812461733818,0.3155399411916733,0.06644129130290821,
3,260819,mixed,MIXED,CNN_RNND,7213,0.2715955041348934,0.23356042057275772,0.038035082165151834,
3,260819,mixed,MIXED,CNN_RNND,7214,0.46945996582508087,0.3832630589604378,0.0861968956887722,
3,260819,mixed,MIXED,CNN_RNND,7215,0.3199382312595844,0.2724835127592087,0.047454708721488714,
3,260819,mixed,MIXED,CNN_RNND,7216,0.4448314607143402,0.36765124648809433,0.07718021422624588,
3,260819,mixed,MIXED,CNN_RNND,7217,0.46962834149599075,0.36811333149671555,0.10151501558721066,
3,260819,mixed,MIXED,CNN_RNND,7218,0.3710656315088272,0.31321945413947105,0.057846177369356155,
3,260819,mixed,MIXED,CNN_RNND,7219,0.2847184557467699,0.23898241855204105,0.04573603585595265,
3,260819,mixed,MIXED,CNN_RNND,7220,0.35502130165696144,0.2924526035785675,0.06256870669312775,
3,260819,mixed,MIXED,CNN_RNND,7221,0.4440210461616516,0.363688699901104,0.08033234253525734,
3,260819,mixed,MIXED,CNN_RNND,7222,0.4811805784702301,0.38582929968833923,0.0953512703999877,
3,260819,mixed,MIXED,CNN_RNND,7223,0.26623066514730453,0.230390727519989,0.03583993623033166,
3,260819,mixed,MIXED,CNN_RNND,7224,0.2888015229254961,0.23771817982196808,0.05108334345277399,
3,260819,mixed,MIXED,CNN_RNND,7225,0.4944041967391968,0.3926446959376335,0.10175950871780515,
3,260819,mixed,MIXED,CNN_RNND,7226,0.4212919846177101,0.34473229944705963,0.0765596916899085,
3,260819,mixed,MIXED,CNN_RNND,7227,0.4653771072626114,0.38291359692811966,0.08246349729597569,
3,260819,mixed,MIXED,CNN_RNND,7228,0.3186298906803131,0.26792438328266144,0.05070551438257098,
3,260819,mixed,MIXED,CNN_RNND,7229,0.5241149067878723,0.42125144973397255,0.10286346822977066,
3,260819,mixed,MIXED,CNN_RNND,7230,0.3970121368765831,0.3253181278705597,0.07169400621205568,
3,260819,mixed,MIXED,CNN_RNND,7231,0.4406655617058277,0.35471006482839584,0.08595548500306904,
3,260819,mixed,MIXED,CNN_RNND,7232,0.29139164835214615,0.24899956583976746,0.042392082046717405,
3,260819,mixed,MIXED,CNN_RNND,7233,0.4055351745337248,0.33043812215328217,0.07509705587290227,
3,260819,mixed,MIXED,CNN_RNND,7234,0.3320554085075855,0.2769285999238491,0.05512681242544204,
3,260819,mixed,MIXED,CNN_RNND,7235,0.5433740168809891,0.43795622885227203,0.10541779827326536,
3,260819,mixed,MIXED,CNN_RNND,7236,0.4307871274650097,0.34055537916719913,0.0902317488216795,
3,260819,mixed,MIXED,CNN_RNND,7237,0.3591894619166851,0.30304552614688873,0.05614393716678023,
3,260819,mixed,MIXED,CNN_RNND,7238,0.39613278210163116,0.3265593871474266,0.06957339448854327,
3,260819,mixed,MIXED,CNN_RNND,7239,0.4733504205942154,0.39016012102365494,0.0831903051584959,
3,260819,mixed,MIXED,CNN_RNND,7240,0.34158021956682205,0.286730844527483,0.05484937923029065,
3,260819,mixed,MIXED,CNN_RNND,7241,0.5717334300279617,0.4580850824713707,0.11364833917468786,
3,260819,mixed,MIXED,CNN_RNND,7242,0.43271129578351974,0.3560047373175621,0.07670655939728022,
3,260819,mixed,MIXED,CNN_RNND,7243,0.44314160756766796,0.3585539925843477,0.08458761079236865,
3,260819,mixed,MIXED,CNN_RNND,7244,0.44791029393672943,0.3620530404150486,0.08585725352168083,
3,260819,mixed,MIXED,CNN_RNND,7245,0.39419884607195854,0.3215380422770977,0.07266080472618341,
3,260819,mixed,MIXED,CNN_RNND,7246,0.4821008965373039,0.38952530920505524,0.09257558779790998,
3,260819,mixed,MIXED,CNN_RNND,7247,0.47629501298069954,0.38648224622011185,0.08981276443228126,
3,260819,mixed,MIXED,CNN_RNND,7248,0.5936229825019836,0.470941960811615,0.12268101423978806,
3,260819,mixed,MIXED,CNN_RNND,7249,0.3597486577928066,0.2942632660269737,0.06548540014773607,
3,260819,mixed,MIXED,CNN_RNND,7250,0.3152267150580883,0.2644311487674713,0.050795561634004116,
3,260819,mixed,MIXED,CNN_RNND,7251,0.38202624022960663,0.31815027445554733,0.06387597322463989,
3,260819,mixed,MIXED,CNN_RNND,7252,0.4888577088713646,0.39761833101511,0.091239376924932,
3,260819,mixed,MIXED,CNN_RNND,7253,0.26299751177430153,0.22420857474207878,0.03878893901128322,
3,260819,mixed,MIXED,CNN_RNND,7254,0.45432938262820244,0.3708765394985676,0.08345283661037683,
3,260819,mixed,MIXED,CNN_RNND,7255,0.28955298103392124,0.24390826001763344,0.045644730038475245,
3,260819,mixed,MIXED,CNN_RNND,7256,0.42214005813002586,0.3455842062830925,0.07655585184693336,
3,260819,mixed,MIXED,CNN_RNND,7257,0.3115323334932327,0.2644847370684147,0.04704759921878576,
3,260819,mixed,MIXED,CNN_RNND,7258,0.4540823698043823,0.368582034483552,0.08550032274797559,
3,260819,mixed,MIXED,CNN_RNND,7259,0.39792852103710175,0.33812546730041504,0.05980304908007383,
3,260819,mixed,MIXED,CNN_RNND,7260,0.21412843838334084,0.18776124343276024,0.026367194950580597,
3,260819,mixed,MIXED,CNN_RNND,7261,0.31438043527305126,0.26554853841662407,0.04883189033716917,
3,260819,mixed,MIXED,CNN_RNND,7262,0.36448680609464645,0.3058435693383217,0.05864323582500219,
3,260819,mixed,MIXED,CNN_RNND,7263,0.38768792152404785,0.32701123505830765,0.06067669577896595,
3,260819,mixed,MIXED,CNN_RNND,7264,0.2583411671221256,0.22250508144497871,0.03583608195185661,
3,260819,mixed,MIXED,CNN_RNND,7265,0.4236963242292404,0.34630610793828964,0.07739021256566048,
3,260819,mixed,MIXED,CNN_RNND,7266,0.4502755030989647,0.3641766086220741,0.0860988856293261,
3,260819,mixed,MIXED,CNN_RNND,7267,0.5174529328942299,0.42195460945367813,0.09549832157790661,
3,260819,mixed,MIXED,CNN_RNND,7268,0.24728894792497158,0.21375764906406403,0.033531303430208936,
3,260819,mixed,MIXED,CNN_RNND,7269,0.3971260078251362,0.3225349262356758,0.07459108950570226,
3,260819,mixed,MIXED,CNN_RNND,7270,0.4212106950581074,0.3409782275557518,0.08023247594246641,
3,260819,mixed,MIXED,CNN_RNND,7271,0.28282109647989273,0.2445034496486187,0.038317649625241756,
3,260819,mixed,MIXED,CNN_RNND,7272,0.42096901684999466,0.34379488974809647,0.07717411406338215,
3,260819,mixed,MIXED,CNN_RNND,7273,0.28004664182662964,0.2380150631070137,0.04203158477321267,
3,260819,mixed,MIXED,CNN_RNND,7274,0.4399384707212448,0.362936295568943,0.07700216211378574,
3,260819,mixed,MIXED,CNN_RNND,7275,0.45878567546606064,0.3764821067452431,0.08230356592684984,
3,260819,mixed,MIXED,CNN_RNND,7276,0.24203981831669807,0.21430356428027153,0.02773625450208783,
3,260819,mixed,MIXED,CNN_RNND,7277,0.2367940954864025,0.20665592327713966,0.03013817174360156,
3,260819,mixed,MIXED,CNN_RNND,7278,0.4339132085442543,0.35331394150853157,0.08059927728027105,
3,260819,mixed,MIXED,CNN_RNND,7279,0.6370437890291214,0.5084458738565445,0.12859792448580265,
3,260819,mixed,MIXED,CNN_RNND,7280,0.36951819621026516,0.30694592744112015,0.06257225983426906,
3,260819,mixed,MIXED,CNN_RNND,7281,0.3212668262422085,0.2687225453555584,0.05254428629996255,
3,260819,mixed,MIXED,CNN_RNND,7282,0.5004822872579098,0.40356696397066116,0.09691532235592604,
3,260819,mixed,MIXED,CNN_RNND,7283,0.3866232633590698,0.32055189087986946,0.06607136898674071,
3,260819,mixed,MIXED,CNN_RNND,7284,0.29071054607629776,0.24673648551106453,0.043974062289635185,
3,260819,mixed,MIXED,CNN_RNND,7285,0.3879620358347893,0.32254355400800705,0.06541848462074995,
3,260819,mixed,MIXED,CNN_RNND,7286,0.34977899864315987,0.2897554486989975,0.060023550409823656,
3,260819,mixed,MIXED,CNN_RNND,7287,0.42659203708171844,0.3452576510608196,0.08133438974618912,
3,260819,mixed,MIXED,CNN_RNND,7288,0.27732014283537865,0.23301704786717892,0.04430309671442956,
3,260819,mixed,MIXED,CNN_RNND,7289,0.29631621204316616,0.24623924121260643,0.05007696314714849,
3,260819,mixed,MIXED,CNN_RNND,7290,0.3095282353460789,0.25866774097085,0.05086049356032163,
3,260819,mixed,MIXED,CNN_RNND,7291,0.3309943862259388,0.27519402652978897,0.05580035736784339,
3,260819,mixed,MIXED,CNN_RNND,7292,0.32613305374979973,0.27780012786388397,0.04833292867988348,
3,260819,mixed,MIXED,CNN_RNND,7293,0.4668881520628929,0.3688366189599037,0.09805154101923108,
3,260819,mixed,MIXED,CNN_RNND,7294,0.3222786597907543,0.2787504196166992,0.04352823877707124,
3,260819,mixed,MIXED,CNN_RNND,7295,0.2817575950175524,0.23821105062961578,0.043546545784920454,
3,260819,mixed,MIXED,CNN_RNND,7296,0.314479548484087,0.2641461193561554,0.05033342353999615,
3,260819,mixed,MIXED,CNN_RNND,7297,0.29860133305191994,0.2565629854798317,0.04203834827058017,
3,260819,mixed,MIXED,CNN_RNND,7298,0.25023680180311203,0.2135523483157158,0.03668444650247693,
3,260819,mixed,MIXED,CNN_RNND,7299,0.4368549510836601,0.3571495898067951,0.07970535196363926,
3,260819,mixed,MIXED,CNN_RNND,7300,0.4761509746313095,0.3940426632761955,0.08210830949246883,
3,260819,mixed,MIXED,CNN_RNND,7301,0.25993577390909195,0.22962995618581772,0.030305824242532253,
3,260819,mixed,MIXED,CNN_RNND,7302,0.2916112616658211,0.24712958559393883,0.04448168259114027,
3,260819,mixed,MIXED,CNN_RNND,7303,0.3411138579249382,0.2820627987384796,0.05905106756836176,
3,260819,mixed,MIXED,CNN_RNND,7304,0.45714525878429413,0.37859151512384415,0.07855374272912741,
3,260819,mixed,MIXED,CNN_RNND,7305,0.3022397421300411,0.2641891874372959,0.03805055562406778,
3,260819,mixed,MIXED,CNN_RNND,7306,0.5405722036957741,0.4362607002258301,0.10431149415671825,
3,260819,mixed,MIXED,CNN_RNND,7307,0.42645198106765747,0.3493620790541172,0.0770899010822177,
3,260819,mixed,MIXED,CNN_RNND,7308,0.5243839994072914,0.4227392449975014,0.10164475440979004,
3,260819,mixed,MIXED,CNN_RNND,7309,0.289629440754652,0.2500133067369461,0.039616130758076906,
3,260819,mixed,MIXED,CNN_RNND,7310,0.5500435829162598,0.44491788372397423,0.10512569732964039,
3,260819,mixed,MIXED,CNN_RNND,7311,0.5565121062099934,0.4426827058196068,0.11382939387112856,
3,260819,mixed,MIXED,CNN_RNND,7312,0.37227413430809975,0.31046397238969803,0.061810174491256475,
3,260819,mixed,MIXED,CNN_RNND,7313,0.5028771162033081,0.4088103249669075,0.09406678657978773,
3,260819,mixed,MIXED,CNN_RNND,7314,0.4560385122895241,0.3725978806614876,0.08344064187258482,
3,260819,mixed,MIXED,CNN_RNND,7315,0.2739683613181114,0.2341298609972,0.03983850171789527,
3,260819,mixed,MIXED,CNN_RNND,7316,0.3395548164844513,0.2851620279252529,0.05439279181882739,
3,260819,mixed,MIXED,CNN_RNND,7317,0.49095433950424194,0.391950860619545,0.09900347609072924,
3,260819,mixed,MIXED,CNN_RNND,7318,0.6102809458971024,0.4894580766558647,0.12082286830991507,
3,260819,mixed,MIXED,CNN_RNND,7319,0.49302447587251663,0.3952591195702553,0.09776533767580986,
3,260819,mixed,MIXED,CNN_RNND,7320,0.3542158007621765,0.2929264008998871,0.061289407312870026,
3,260819,mixed,MIXED,CNN_RNND,7321,0.2024887092411518,0.17818336561322212,0.02430534246377647,
3,260819,mixed,MIXED,CNN_RNND,7322,0.5161435306072235,0.4172765240073204,0.09886700473725796,
3,260819,mixed,MIXED,CNN_RNND,7323,0.42766716703772545,0.3464554324746132,0.08121173735707998,
3,260819,mixed,MIXED,CNN_RNND,7324,0.43160422518849373,0.3476460315287113,0.08395819133147597,
3,260819,mixed,MIXED,CNN_RNND,7325,0.48613711446523666,0.3854408748447895,0.10069624334573746,
3,260819,mixed,MIXED,CNN_RNND,7326,0.518107857555151,0.4220181703567505,0.09608970209956169,
3,260819,mixed,MIXED,CNN_RNND,7327,0.37861607037484646,0.3083514329046011,0.07026463258080184,
3,260819,mixed,MIXED,CNN_RNND,7328,0.4203574024140835,0.342962808907032,0.07739459536969662,
3,260819,mixed,MIXED,CNN_RNND,7329,0.33810296654701233,0.283735241740942,0.05436772247776389,
3,260819,mixed,MIXED,CNN_RNND,7330,0.35086827725172043,0.2984725087881088,0.052395777544006705,
3,260819,mixed,MIXED,CNN_RNND,7331,0.35717443004250526,0.2899079881608486,0.06726643396541476,
3,260819,mixed,MIXED,CNN_RNND,7332,0.18910991586744785,0.16728398390114307,0.02182592946337536,
3,260819,mixed,MIXED,CNN_RNND,7333,0.40595167502760887,0.3302176222205162,0.07573405187577009,
3,260819,mixed,MIXED,CNN_RNND,7334,0.48293254151940346,0.38895948231220245,0.09397305827587843,
3,260819,mixed,MIXED,CNN_RNND,7335,0.32929497212171555,0.27532265707850456,0.05397231434471905,
3,260819,mixed,MIXED,CNN_RNND,7336,0.4721503257751465,0.38955527544021606,0.0825950475409627,
3,260819,mixed,MIXED,CNN_RNND,7337,0.5051918141543865,0.40569092705845833,0.09950089873746037,
3,260819,mixed,MIXED,CNN_RNND,7338,0.4559093229472637,0.3684510551393032,0.08745825570076704,
3,260819,mixed,MIXED,CNN_RNND,7339,0.3398408070206642,0.28303054720163345,0.05681025829107966,
3,260819,mixed,MIXED,CNN_RNND,7340,0.2329469583928585,0.20606882125139236,0.026878136675804853,
3,260819,mixed,MIXED,CNN_RNND,7341,0.44108301401138306,0.3630788326263428,0.07800418511033058,
3,260819,mixed,MIXED,CNN_RNND,7342,0.3486361876130104,0.2895978279411793,0.05903835641220212,
3,260819,mixed,MIXED,CNN_RNND,7343,0.34795354679226875,0.2892185039818287,0.05873505002819002,
3,260819,mixed,MIXED,CNN_RNND,7344,0.4344750791788101,0.35809648782014847,0.07637859880924225,
3,260819,mixed,MIXED,CNN_RNND,7345,0.44178180396556854,0.36193305999040604,0.07984873745590448,
3,260819,mixed,MIXED,CNN_RNND,7346,0.3479270972311497,0.2975152060389519,0.05041188886389136,
3,260819,mixed,MIXED,CNN_RNND,7347,0.4240390732884407,0.35043124109506607,0.07360782846808434,
3,260819,mixed,MIXED,CNN_RNND,7348,0.30365249514579773,0.256207849830389,0.04744464345276356,
3,260819,mixed,MIXED,CNN_RNND,7349,0.4259849339723587,0.3432559557259083,0.0827289717271924,
3,260819,mixed,MIXED,CNN_RNND,7350,0.3764032647013664,0.311461940407753,0.06494132056832314,
3,260819,mixed,MIXED,CNN_RNND,7351,0.511164665222168,0.41107744723558426,0.10008721239864826,
3,260819,mixed,MIXED,CNN_RNND,7352,0.5072667375206947,0.40549556352198124,0.10177118401043117,
3,260819,mixed,MIXED,CNN_RNND,7353,0.5014417469501495,0.405546210706234,0.09589554253034294,
3,260819,mixed,MIXED,CNN_RNND,7354,0.5292054489254951,0.4216911569237709,0.10751428455114365,
3,260819,mixed,MIXED,CNN_RNND,7355,0.37073056772351265,0.3059474490582943,0.06478312844410539,
3,260819,mixed,MIXED,CNN_RNND,7356,0.31084058433771133,0.26139652729034424,0.0494440586771816,
3,260819,mixed,MIXED,CNN_RNND,7357,0.4524695873260498,0.37369873374700546,0.0787708512507379,
3,260819,mixed,MIXED,CNN_RNND,7358,0.44272366166114807,0.36607588827610016,0.07664776593446732,
3,260819,mixed,MIXED,CNN_RNND,7359,0.442600529640913,0.3570645600557327,0.08553596306592226,
3,260819,mixed,MIXED,CNN_RNND,7360,0.407763097435236,0.33213877864181995,0.07562432414852083,
3,260819,mixed,MIXED,CNN_RNND,7361,0.43257542327046394,0.3500882238149643,0.08248718734830618,
3,260819,mixed,MIXED,CNN_RNND,7362,0.3376367539167404,0.288690023124218,0.048946731723845005,
3,260819,mixed,MIXED,CNN_RNND,7363,0.46246950328350067,0.37845179438591003,0.08401770982891321,
3,260819,mixed,MIXED,CNN_RNND,7364,0.4262569546699524,0.34902236610651016,0.07723459787666798,
3,260819,mixed,MIXED,CNN_RNND,7365,0.5537473112344742,0.4487544298171997,0.10499287955462933,
3,260819,mixed,MIXED,CNN_RNND,7366,0.530022919178009,0.4234766215085983,0.106546301394701,
3,260819,mixed,MIXED,CNN_RNND,7367,0.4091975688934326,0.3348486125469208,0.0743489502929151,
3,260819,mixed,MIXED,CNN_RNND,7368,0.4668482653796673,0.38072988390922546,0.08611839218065143,
3,260819,mixed,MIXED,CNN_RNND,7369,0.451942328363657,0.37088102847337723,0.0810612962814048,
3,260819,mixed,MIXED,CNN_RNND,7370,0.4708075113594532,0.38323378562927246,0.08757372805848718,
3,260819,mixed,MIXED,CNN_RNND,7371,0.27386581525206566,0.23566247150301933,0.03820334700867534,
3,260819,mixed,MIXED,CNN_RNND,7372,0.5140107348561287,0.40850502252578735,0.10550572164356709,
3,260819,mixed,MIXED,CNN_RNND,7373,0.3857370764017105,0.3209221847355366,0.06481489818543196,
3,260819,mixed,MIXED,CNN_RNND,7374,0.2888026796281338,0.250588521361351,0.03821416012942791,
3,260819,mixed,MIXED,CNN_RNND,7375,0.26809051632881165,0.22911741212010384,0.03897310746833682,
3,260819,mixed,MIXED,CNN_RNND,7376,0.286592073738575,0.2407124564051628,0.045879608951509,
3,260819,mixed,MIXED,CNN_RNND,7377,0.33890780061483383,0.2866714894771576,0.05223630927503109,
3,260819,mixed,MIXED,CNN_RNND,7378,0.4408085271716118,0.36577794700860977,0.07503058202564716,
3,260819,mixed,MIXED,CNN_RNND,7379,0.48141826689243317,0.38386163488030434,0.09755663201212883,
3,260819,mixed,MIXED,CNN_RNND,7380,0.5695203691720963,0.45671462267637253,0.11280575394630432,
3,260819,mixed,MIXED,CNN_RNND,7381,0.2920275144279003,0.25296883285045624,0.039058687863871455,
3,260819,mixed,MIXED,CNN_RNND,7382,0.426448218524456,0.3500547707080841,0.07639344874769449,
3,260819,mixed,MIXED,CNN_RNND,7383,0.5380121469497681,0.4388854652643204,0.09912667609751225,
3,260819,mixed,MIXED,CNN_RNND,7384,0.29347975738346577,0.2455439381301403,0.04793582123238593,
3,260819,mixed,MIXED,CNN_RNND,7385,0.4189680330455303,0.3388754203915596,0.08009261568076909,
3,260819,mixed,MIXED,CNN_RNND,7386,0.468805231153965,0.3730439096689224,0.09576132730580866,
3,260819,mixed,MIXED,CNN_RNND,7387,0.42656178027391434,0.3465670570731163,0.07999472366645932,
3,260819,mixed,MIXED,CNN_RNND,7388,0.2624099962413311,0.23029792308807373,0.03211207268759608,
3,260819,mixed,MIXED,CNN_RNND,7389,0.46226856857538223,0.3752571679651737,0.08701138896867633,
3,260819,mixed,MIXED,CNN_RNND,7390,0.3547513745725155,0.29996775835752487,0.05478362087160349,
3,260819,mixed,MIXED,CNN_RNND,7391,0.3166034799069166,0.2631902787834406,0.053413200890645385,
3,260819,mixed,MIXED,CNN_RNND,7392,0.4937153719365597,0.4005475528538227,0.0931678181514144,
3,260819,mixed,MIXED,CNN_RNND,7393,0.4215044528245926,0.3396870158612728,0.08181743323802948,
3,260819,mixed,MIXED,CNN_RNND,7394,0.3306592274457216,0.2773140538483858,0.05334516882430762,
3,260819,mixed,MIXED,CNN_RNND,7395,0.4267192706465721,0.34301795810461044,0.08370130648836493,
3,260819,mixed,MIXED,CNN_RNND,7396,0.41366115771234035,0.33710866421461105,0.07655249076196924,
3,260819,mixed,MIXED,CNN_RNND,7397,0.47876277565956116,0.3859962038695812,0.09276655409485102,
3,260819,mixed,MIXED,CNN_RNND,7398,0.3963383436203003,0.3265480175614357,0.06979032885283232,
3,260819,mixed,MIXED,CNN_RNND,7399,0.333753252401948,0.27931384928524494,0.05443939799442887,
3,260819,mixed,MIXED,CNN_RNND,7400,0.5570611655712128,0.4450996294617653,0.1119615500792861,-1.118763630553935
3,260819,mixed,MIXED,CNN_RNND,7401,0.21487575769424438,0.1889084130525589,0.025967339519411325,
3,260819,mixed,MIXED,CNN_RNND,7402,0.4925793334841728,0.3991190791130066,0.09346024179831147,
3,260819,mixed,MIXED,CNN_RNND,7403,0.26290774904191494,0.2284173034131527,0.034490449470467865,
3,260819,mixed,MIXED,CNN_RNND,7404,0.18771901912987232,0.1612738398835063,0.026445186042110436,
3,260819,mixed,MIXED,CNN_RNND,7405,0.5163434594869614,0.41437219083309174,0.10197127284482121,
3,260819,mixed,MIXED,CNN_RNND,7406,0.3943706937134266,0.3297555558383465,0.06461513321846724,
3,260819,mixed,MIXED,CNN_RNND,7407,0.36248718202114105,0.29623058065772057,0.06625660136342049,
3,260819,mixed,MIXED,CNN_RNND,7408,0.3340644873678684,0.27911312133073807,0.05495137069374323,
3,260819,mixed,MIXED,CNN_RNND,7409,0.16118550393730402,0.14852936565876007,0.012656134837015998,
3,260819,mixed,MIXED,CNN_RNND,7410,0.6579874902963638,0.5154280140995979,0.1425594836473465,
3,260819,mixed,MIXED,CNN_RNND,7411,0.7217731177806854,0.5544807314872742,0.1672923918813467,
3,260819,mixed,MIXED,CNN_RNND,7412,0.28930775076150894,0.24241995811462402,0.0468878005631268,
3,260819,mixed,MIXED,CNN_RNND,7413,0.38434887677431107,0.32432421296834946,0.06002467032521963,
3,260819,mixed,MIXED,CNN_RNND,7414,0.4684097394347191,0.3788917511701584,0.0895180031657219,
3,260819,mixed,MIXED,CNN_RNND,7415,0.5891806595027447,0.466001246124506,0.12317941477522254,
3,260819,mixed,MIXED,CNN_RNND,7416,0.25973159819841385,0.21776764653623104,0.04196394933387637,
3,260819,mixed,MIXED,CNN_RNND,7417,0.4490215629339218,0.3650353215634823,0.08398625068366528,
3,260819,mixed,MIXED,CNN_RNND,7418,0.3488542176783085,0.30030980333685875,0.0485444120131433,
3,260819,mixed,MIXED,CNN_RNND,7419,0.27399464324116707,0.23006270453333855,0.043931936379522085,
3,260819,mixed,MIXED,CNN_RNND,7420,0.4931613840162754,0.3970909044146538,0.09607048286125064,
3,260819,mixed,MIXED,CNN_RNND,7421,0.3352845348417759,0.27849154360592365,0.05679300252813846,
3,260819,mixed,MIXED,CNN_RNND,7422,0.5423294454813004,0.43388136476278305,0.10844807047396898,
3,260819,mixed,MIXED,CNN_RNND,7423,0.6276184618473053,0.5018239617347717,0.12579450756311417,
3,260819,mixed,MIXED,CNN_RNND,7424,0.4509509801864624,0.3699271194636822,0.08102386631071568,
3,260819,mixed,MIXED,CNN_RNND,7425,0.40691016614437103,0.3398939445614815,0.06701622204855084,
3,260819,mixed,MIXED,CNN_RNND,7426,0.32677247002720833,0.27571384608745575,0.05105861998163164,
3,260819,mixed,MIXED,CNN_RNND,7427,0.4076714850962162,0.33844002708792686,0.0692314594052732,
3,260819,mixed,MIXED,CNN_RNND,7428,0.3887539617717266,0.32040784507989883,0.06834610621444881,
3,260819,mixed,MIXED,CNN_RNND,7429,0.323596503585577,0.26876937970519066,0.054827128536999226,
3,260819,mixed,MIXED,CNN_RNND,7430,0.3215922638773918,0.272635743021965,0.048956518759950995,
3,260819,mixed,MIXED,CNN_RNND,7431,0.46381917782127857,0.37344205379486084,0.09037712268764153,
3,260819,mixed,MIXED,CNN_RNND,7432,0.47348538786172867,0.3826216533780098,0.09086373820900917,
3,260819,mixed,MIXED,CNN_RNND,7433,0.48272714018821716,0.39193329960107803,0.09079383872449398,
3,260819,mixed,MIXED,CNN_RNND,7434,0.5453195720911026,0.43902087211608887,0.10629870183765888,
3,260819,mixed,MIXED,CNN_RNND,7435,0.42174600809812546,0.34987106919288635,0.0718749389052391,
3,260819,mixed,MIXED,CNN_RNND,7436,0.3445184752345085,0.2872849591076374,0.057233517058193684,
3,260819,mixed,MIXED,CNN_RNND,7437,0.37544198893010616,0.30521300807595253,0.07022898209106643,
3,260819,mixed,MIXED,CNN_RNND,7438,0.42025232687592506,0.3441079333424568,0.07614438841119409,
3,260819,mixed,MIXED,CNN_RNND,7439,0.38617682456970215,0.3212573677301407,0.06491945497691631,
3,260819,mixed,MIXED,CNN_RNND,7440,0.5275950375944376,0.4168844595551491,0.11071057867957279,
3,260819,mixed,MIXED,CNN_RNND,7441,0.40135936439037323,0.33398711308836937,0.06737225269898772,
3,260819,mixed,MIXED,CNN_RNND,7442,0.4964854195713997,0.39864514023065567,0.09784028120338917,
3,260819,mixed,MIXED,CNN_RNND,7443,0.5057823210954666,0.41179462522268295,0.09398769587278366,
3,260819,mixed,MIXED,CNN_RNND,7444,0.375805776566267,0.3085086867213249,0.06729708565399051,
3,260819,mixed,MIXED,CNN_RNND,7445,0.23153159208595753,0.20191193744540215,0.029619657900184393,
3,260819,mixed,MIXED,CNN_RNND,7446,0.39315350353717804,0.32222601771354675,0.0709274816326797,
3,260819,mixed,MIXED,CNN_RNND,7447,0.47876668721437454,0.39409326016902924,0.0846734270453453,
3,260819,mixed,MIXED,CNN_RNND,7448,0.39443712774664164,0.3256958555430174,0.06874126502953004,
3,260819,mixed,MIXED,CNN_RNND,7449,0.4504428952932358,0.3641049675643444,0.0863379193469882,
3,260819,mixed,MIXED,CNN_RNND,7450,0.5705527514219284,0.4543033465743065,0.11624940857291222,
3,260819,mixed,MIXED,CNN_RNND,7451,0.3693874627351761,0.3067788891494274,0.06260857731103897,
3,260819,mixed,MIXED,CNN_RNND,7452,0.4622051939368248,0.3770708478987217,0.08513434510678053,
3,260819,mixed,MIXED,CNN_RNND,7453,0.3952520377933979,0.32309154979884624,0.0721604865975678,
3,260819,mixed,MIXED,CNN_RNND,7454,0.24771466106176376,0.2100412007421255,0.03767345624510199,
3,260819,mixed,MIXED,CNN_RNND,7455,0.3042735308408737,0.26048752665519714,0.04378599859774113,
3,260819,mixed,MIXED,CNN_RNND,7456,0.48641808331012726,0.3982255384325981,0.0881925467401743,
3,260819,mixed,MIXED,CNN_RNND,7457,0.4394867829978466,0.3502241000533104,0.08926267898641527,
3,260819,mixed,MIXED,CNN_RNND,7458,0.5597605369985104,0.4438139945268631,0.11594654619693756,
3,260819,mixed,MIXED,CNN_RNND,7459,0.5674287751317024,0.45929744839668274,0.10813132487237453,
3,260819,mixed,MIXED,CNN_RNND,7460,0.3242051526904106,0.2698620706796646,0.05434309478732757,
3,260819,mixed,MIXED,CNN_RNND,7461,0.40762320905923843,0.33518488705158234,0.07243832480162382,
3,260819,mixed,MIXED,CNN_RNND,7462,0.37622613459825516,0.31109388172626495,0.06513225194066763,
3,260819,mixed,MIXED,CNN_RNND,7463,0.6168991476297379,0.4900052472949028,0.12689390778541565,
3,260819,mixed,MIXED,CNN_RNND,7464,0.26669045351445675,0.2200528308749199,0.04663761402480304,
3,260819,mixed,MIXED,CNN_RNND,7465,0.3852292522788048,0.3221963122487068,0.06303294654935598,
3,260819,mixed,MIXED,CNN_RNND,7466,0.4083857089281082,0.337021179497242,0.07136452477425337,
3,260819,mixed,MIXED,CNN_RNND,7467,0.3022291772067547,0.2533411234617233,0.04888805001974106,
3,260819,mixed,MIXED,CNN_RNND,7468,0.5412921085953712,0.4366409331560135,0.10465117543935776,
3,260819,mixed,MIXED,CNN_RNND,7469,0.3810751512646675,0.31127575039863586,0.06979939242592081,
3,260819,mixed,MIXED,CNN_RNND,7470,0.3569850567728281,0.2916442174464464,0.06534082727739587,
3,260819,mixed,MIXED,CNN_RNND,7471,0.4476948268711567,0.368178129196167,0.0795166976749897,
3,260819,mixed,MIXED,CNN_RNND,7472,0.2424251213669777,0.20807514153420925,0.03434998309239745,
3,260819,mixed,MIXED,CNN_RNND,7473,0.5411368310451508,0.4352118745446205,0.10592494532465935,
3,260819,mixed,MIXED,CNN_RNND,7474,0.24945614859461784,0.21511651203036308,0.034339641220867634,
3,260819,mixed,MIXED,CNN_RNND,7475,0.4936615377664566,0.3979736305773258,0.09568791603669524,
3,260819,mixed,MIXED,CNN_RNND,7476,0.30319464951753616,0.25638749822974205,0.04680715803988278,
3,260819,mixed,MIXED,CNN_RNND,7477,0.5341445580124855,0.43627333268523216,0.09787121554836631,
3,260819,mixed,MIXED,CNN_RNND,7478,0.2931008171290159,0.2393115796148777,0.053789239609614015,
3,260819,mixed,MIXED,CNN_RNND,7479,0.4035700038075447,0.3272172249853611,0.07635277602821589,
3,260819,mixed,MIXED,CNN_RNND,7480,0.2282003816217184,0.20124865882098675,0.02695172099629417,
3,260819,mixed,MIXED,CNN_RNND,7481,0.2852228432893753,0.2356463447213173,0.049576506891753525,
3,260819,mixed,MIXED,CNN_RNND,7482,0.4118037670850754,0.3373381197452545,0.07446564361453056,
3,260819,mixed,MIXED,CNN_RNND,7483,0.33884144574403763,0.2854035049676895,0.05343794357031584,
3,260819,mixed,MIXED,CNN_RNND,7484,0.27462756633758545,0.22995299845933914,0.04467456415295601,
3,260819,mixed,MIXED,CNN_RNND,7485,0.3697274327278137,0.3085804656147957,0.061146968975663185,
3,260819,mixed,MIXED,CNN_RNND,7486,0.42218543216586113,0.3497701548039913,0.07241528085432947,
3,260819,mixed,MIXED,CNN_RNND,7487,0.40440022200345993,0.3319867290556431,0.072413494810462,
3,260819,mixed,MIXED,CNN_RNND,7488,0.48220134153962135,0.39040760695934296,0.09179374296218157,
3,260819,mixed,MIXED,CNN_RNND,7489,0.23128510639071465,0.20872560143470764,0.02255950588732958,
3,260819,mixed,MIXED,CNN_RNND,7490,0.3618726134300232,0.30481717735528946,0.05705542955547571,
3,260819,mixed,MIXED,CNN_RNND,7491,0.3947056941688061,0.3220512606203556,0.07265444053336978,
3,260819,mixed,MIXED,CNN_RNND,7492,0.2544819638133049,0.22337475791573524,0.031107201939448714,
3,260819,mixed,MIXED,CNN_RNND,7493,0.32194386050105095,0.2741149067878723,0.04782895417883992,
3,260819,mixed,MIXED,CNN_RNND,7494,0.36840060353279114,0.29901864379644394,0.06938196020200849,
3,260819,mixed,MIXED,CNN_RNND,7495,0.5091949552297592,0.41965657472610474,0.08953837119042873,
3,260819,mixed,MIXED,CNN_RNND,7496,0.2686617225408554,0.22835656628012657,0.040305159287527204,
3,260819,mixed,MIXED,CNN_RNND,7497,0.31276320293545723,0.26900361850857735,0.043759574415162206,
3,260819,mixed,MIXED,CNN_RNND,7498,0.4371335171163082,0.34954995661973953,0.0875835595652461,
3,260819,mixed,MIXED,CNN_RNND,7499,0.5385809317231178,0.4320600852370262,0.10652084462344646,
3,260819,mixed,MIXED,CNN_RNND,7500,0.3894890919327736,0.3171522244811058,0.07233686908148229,
3,260819,mixed,MIXED,CNN_RNND,7501,0.25433378852903843,0.21475486643612385,0.03957892605103552,
3,260819,mixed,MIXED,CNN_RNND,7502,0.49789515882730484,0.4030751846730709,0.09481997508555651,
3,260819,mixed,MIXED,CNN_RNND,7503,0.2502934895455837,0.21629741042852402,0.033996082231169567,
3,260819,mixed,MIXED,CNN_RNND,7504,0.4224381409585476,0.34121714159846306,0.08122100657783449,
3,260819,mixed,MIXED,CNN_RNND,7505,0.31348100677132607,0.260847020894289,0.05263399356044829,
3,260819,mixed,MIXED,CNN_RNND,7506,0.3248561918735504,0.2718847617506981,0.052971428725868464,
3,260819,mixed,MIXED,CNN_RNND,7507,0.3598059769719839,0.29499728232622147,0.06480869147344492,
3,260819,mixed,MIXED,CNN_RNND,7508,0.2919738031923771,0.25185439735651016,0.04011940397322178,
3,260819,mixed,MIXED,CNN_RNND,7509,0.6153123676776886,0.4852266162633896,0.130085751414299,
3,260819,mixed,MIXED,CNN_RNND,7510,0.28123852238059044,0.23907732591032982,0.04216119460761547,
3,260819,mixed,MIXED,CNN_RNND,7511,0.506466694176197,0.4100181870162487,0.09644850809127092,
3,260819,mixed,MIXED,CNN_RNND,7512,0.4607115611433983,0.375777505338192,0.08493404742330313,
3,260819,mixed,MIXED,CNN_RNND,7513,0.31084563210606575,0.2635919563472271,0.04725367855280638,
3,260819,mixed,MIXED,CNN_RNND,7514,0.5067415237426758,0.4153047576546669,0.09143677726387978,
3,260819,mixed,MIXED,CNN_RNND,7515,0.4328910782933235,0.34526510909199715,0.08762598503381014,
3,260819,mixed,MIXED,CNN_RNND,7516,0.24102140963077545,0.20694983005523682,0.034071584115736187,
3,260819,mixed,MIXED,CNN_RNND,7517,0.39973174035549164,0.33066941425204277,0.06906232819892466,
3,260819,mixed,MIXED,CNN_RNND,7518,0.37605956196784973,0.31309645622968674,0.06296310946345329,
3,260819,mixed,MIXED,CNN_RNND,7519,0.38160863891243935,0.31692755594849586,0.06468107760883868,
3,260819,mixed,MIXED,CNN_RNND,7520,0.31995249539613724,0.2712041214108467,0.048748376313596964,
3,260819,mixed,MIXED,CNN_RNND,7521,0.35989299416542053,0.29319065250456333,0.06670234401826747,
3,260819,mixed,MIXED,CNN_RNND,7522,0.5442656800150871,0.4426315538585186,0.10163412429392338,
3,260819,mixed,MIXED,CNN_RNND,7523,0.4787767231464386,0.38617681711912155,0.09259990509599447,
3,260819,mixed,MIXED,CNN_RNND,7524,0.48815666884183884,0.39428072795271873,0.0938759408891201,
3,260819,mixed,MIXED,CNN_RNND,7525,0.4505896493792534,0.36647847294807434,0.08411117736250162,
3,260819,mixed,MIXED,CNN_RNND,7526,0.22705379500985146,0.2012127749621868,0.025841023598331958,
3,260819,mixed,MIXED,CNN_RNND,7527,0.34452352672815323,0.2907803878188133,0.05374313332140446,
3,260819,mixed,MIXED,CNN_RNND,7528,0.4436642676591873,0.3564566932618618,0.08720757672563195,
3,260819,mixed,MIXED,CNN_RNND,7529,0.30931210704147816,0.25896614603698254,0.05034596228506416,
3,260819,mixed,MIXED,CNN_RNND,7530,0.618430033326149,0.48800744861364365,0.1304225940257311,
3,260819,mixed,MIXED,CNN_RNND,7531,0.3348237983882427,0.28401292860507965,0.05081085953861475,
3,260819,mixed,MIXED,CNN_RNND,7532,0.27694356068968773,0.23873094841837883,0.03821260668337345,
3,260819,mixed,MIXED,CNN_RNND,7533,0.3610379621386528,0.2970208115875721,0.06401714502135292,
3,260819,mixed,MIXED,CNN_RNND,7534,0.35710930079221725,0.30372582376003265,0.053383481688797474,
3,260819,mixed,MIXED,CNN_RNND,7535,0.4572114646434784,0.3798603042960167,0.07735116221010685,
3,260819,mixed,MIXED,CNN_RNND,7536,0.3012038394808769,0.24799960851669312,0.053204226423986256,
3,260819,mixed,MIXED,CNN_RNND,7537,0.43055252730846405,0.35418764501810074,0.07636488368734717,
3,260819,mixed,MIXED,CNN_RNND,7538,0.4129774495959282,0.3424755111336708,0.07050193753093481,
3,260819,mixed,MIXED,CNN_RNND,7539,0.5090982019901276,0.4158942475914955,0.09320394322276115,
3,260819,mixed,MIXED,CNN_RNND,7540,0.5675537958741188,0.4564113914966583,0.11114239692687988,
3,260819,mixed,MIXED,CNN_RNND,7541,0.23640383780002594,0.20563628897070885,0.030767552088946104,
3,260819,mixed,MIXED,CNN_RNND,7542,0.3153647519648075,0.26964032649993896,0.045724427327513695,
3,260819,mixed,MIXED,CNN_RNND,7543,0.5452054142951965,0.43636369332671165,0.10884171957150102,
3,260819,mixed,MIXED,CNN_RNND,7544,0.5586672276258469,0.43943072855472565,0.11923650838434696,
3,260819,mixed,MIXED,CNN_RNND,7545,0.5803963616490364,0.4633854702115059,0.11701089516282082,
3,260819,mixed,MIXED,CNN_RNND,7546,0.38573726639151573,0.32517754286527634,0.06055972492322326,
3,260819,mixed,MIXED,CNN_RNND,7547,0.6462504118680954,0.5013547614216805,0.14489563927054405,
3,260819,mixed,MIXED,CNN_RNND,7548,0.2893808148801327,0.24508802220225334,0.044292784528806806,
3,260819,mixed,MIXED,CNN_RNND,7549,0.3693244941532612,0.30904825031757355,0.06027624779380858,
3,260819,mixed,MIXED,CNN_RNND,7550,0.2254504170268774,0.1956352349370718,0.029815181871526875,
3,260819,mixed,MIXED,CNN_RNND,7551,0.43342482298612595,0.3558812625706196,0.07754356088116765,
3,260819,mixed,MIXED,CNN_RNND,7552,0.3911097012460232,0.32885196432471275,0.06225774064660072,
3,260819,mixed,MIXED,CNN_RNND,7553,0.292693430557847,0.24706872180104256,0.0456247097463347,
3,260819,mixed,MIXED,CNN_RNND,7554,0.3743065558373928,0.31401510909199715,0.06029144045896828,
3,260819,mixed,MIXED,CNN_RNND,7555,0.3337155394256115,0.28347064554691315,0.05024489015340805,
3,260819,mixed,MIXED,CNN_RNND,7556,0.4961114339530468,0.39419807493686676,0.10191335971467197,
3,260819,mixed,MIXED,CNN_RNND,7557,0.3619944788515568,0.2996751368045807,0.06231934251263738,
3,260819,mixed,MIXED,CNN_RNND,7558,0.36342761293053627,0.30110717937350273,0.062320439610630274,
3,260819,mixed,MIXED,CNN_RNND,7559,0.22988350689411163,0.19990508630871773,0.029978418024256825,
3,260819,mixed,MIXED,CNN_RNND,7560,0.4455166794359684,0.3572702258825302,0.0882464530877769,
3,260819,mixed,MIXED,CNN_RNND,7561,0.3985122814774513,0.3218916654586792,0.07662061229348183,
3,260819,mixed,MIXED,CNN_RNND,7562,0.2014617957174778,0.17876102775335312,0.022700770990923047,
3,260819,mixed,MIXED,CNN_RNND,7563,0.44105250760912895,0.35994623601436615,0.08110627671703696,
3,260819,mixed,MIXED,CNN_RNND,7564,0.3114023171365261,0.2595881447196007,0.05181417241692543,
3,260819,mixed,MIXED,CNN_RNND,7565,0.4191761128604412,0.34488989785313606,0.07428621826693416,
3,260819,mixed,MIXED,CNN_RNND,7566,0.2874667076393962,0.24300031550228596,0.044466385937994346,
3,260819,mixed,MIXED,CNN_RNND,7567,0.6772374659776688,0.5337835550308228,0.14345391280949116,
3,260819,mixed,MIXED,CNN_RNND,7568,0.3196157142519951,0.27128657326102257,0.04832914238795638,
3,260819,mixed,MIXED,CNN_RNND,7569,0.6382234543561935,0.5020072236657143,0.13621623255312443,
3,260819,mixed,MIXED,CNN_RNND,7570,0.44271471351385117,0.3628392145037651,0.07987550273537636,
3,260819,mixed,MIXED,CNN_RNND,7571,0.25652879290282726,0.21632775105535984,0.04020103486254811,
3,260819,mixed,MIXED,CNN_RNND,7572,0.5165532156825066,0.41627761721611023,0.10027558915317059,
3,260819,mixed,MIXED,CNN_RNND,7573,0.321005966514349,0.2778334617614746,0.04317250940948725,
3,260819,mixed,MIXED,CNN_RNND,7574,0.49319444224238396,0.3946366645395756,0.09855776303447783,
3,260819,mixed,MIXED,CNN_RNND,7575,0.2617477662861347,0.22365612536668777,0.038091640279162675,
3,260819,mixed,MIXED,CNN_RNND,7576,0.5360590070486069,0.4351605027914047,0.10089849773794413,
3,260819,mixed,MIXED,CNN_RNND,7577,0.26833088509738445,0.22563941776752472,0.042691466223914176,
3,260819,mixed,MIXED,CNN_RNND,7578,0.34549789503216743,0.29516951739788055,0.050328379264101386,
3,260819,mixed,MIXED,CNN_RNND,7579,0.3153889887034893,0.26319416984915733,0.05219480849336833,
3,260819,mixed,MIXED,CNN_RNND,7580,0.3809298947453499,0.318738155066967,0.062191735953092575,
3,260819,mixed,MIXED,CNN_RNND,7581,0.3121034987270832,0.26133949123322964,0.050764008876285516,
3,260819,mixed,MIXED,CNN_RNND,7582,0.3781956285238266,0.31790629401803017,0.060289342887699604,
3,260819,mixed,MIXED,CNN_RNND,7583,0.42379315197467804,0.34761666506528854,0.0761764831840992,
3,260819,mixed,MIXED,CNN_RNND,7584,0.3068395033478737,0.26156794652342796,0.04527154960669577,
3,260819,mixed,MIXED,CNN_RNND,7585,0.24972514063119888,0.21842095255851746,0.03130418946966529,
3,260819,mixed,MIXED,CNN_RNND,7586,0.4116923660039902,0.3372749760746956,0.07441739737987518,
3,260819,mixed,MIXED,CNN_RNND,7587,0.35776378959417343,0.29252636432647705,0.06523742526769638,
3,260819,mixed,MIXED,CNN_RNND,7588,0.34262755513191223,0.2924707420170307,0.0501568135805428,
3,260819,mixed,MIXED,CNN_RNND,7589,0.4197397120296955,0.3457793742418289,0.073960333596915,
3,260819,mixed,MIXED,CNN_RNND,7590,0.23962760157883167,0.20207503251731396,0.037552566558588296,
3,260819,mixed,MIXED,CNN_RNND,7591,0.2801820021122694,0.23923067934811115,0.040951321803731844,
3,260819,mixed,MIXED,CNN_RNND,7592,0.3239451525732875,0.2656628852710128,0.058282272759242915,
3,260819,mixed,MIXED,CNN_RNND,7593,0.34967341646552086,0.29400043189525604,0.05567298841197044,
3,260819,mixed,MIXED,CNN_RNND,7594,0.29767394438385963,0.2549991123378277,0.04267483577132225,
3,260819,mixed,MIXED,CNN_RNND,7595,0.44763573072850704,0.36051082611083984,0.08712490234756842,
3,260819,mixed,MIXED,CNN_RNND,7596,0.39802803471684456,0.3278895393013954,0.0701385005377233,
3,260819,mixed,MIXED,CNN_RNND,7597,0.41860511153936386,0.3406883254647255,0.0779167739674449,
3,260819,mixed,MIXED,CNN_RNND,7598,0.3205724358558655,0.27085594832897186,0.049716477282345295,
3,260819,mixed,MIXED,CNN_RNND,7599,0.21136963739991188,0.19045394659042358,0.020915689645335078,
3,260819,mixed,MIXED,CNN_RNND,7600,0.40453116595745087,0.3336181119084358,0.07091306336224079,-1.1240726457026087
3,260819,mixed,MIXED,CNN_RNND,7601,0.3588695451617241,0.2911085784435272,0.067760962061584,
3,260819,mixed,MIXED,CNN_RNND,7602,0.20749071426689625,0.1866750679910183,0.020815642492379993,
3,260819,mixed,MIXED,CNN_RNND,7603,0.2644230090081692,0.2318594753742218,0.03256353363394737,
3,260819,mixed,MIXED,CNN_RNND,7604,0.41885834001004696,0.34307169914245605,0.07578665460459888,
3,260819,mixed,MIXED,CNN_RNND,7605,0.30446730740368366,0.2572948820888996,0.04717242647893727,
3,260819,mixed,MIXED,CNN_RNND,7606,0.35226449370384216,0.2983178198337555,0.05394667712971568,
3,260819,mixed,MIXED,CNN_RNND,7607,0.30317780561745167,0.2580778878182173,0.04509992100065574,
3,260819,mixed,MIXED,CNN_RNND,7608,0.5910900756716728,0.46542149037122726,0.12566858157515526,
3,260819,mixed,MIXED,CNN_RNND,7609,0.2596091516315937,0.23256846889853477,0.027040686458349228,
3,260819,mixed,MIXED,CNN_RNND,7610,0.5755632668733597,0.45602647215127945,0.11953679099678993,
3,260819,mixed,MIXED,CNN_RNND,7611,0.49610706232488155,0.39659643545746803,0.09951063268817961,
3,260819,mixed,MIXED,CNN_RNND,7612,0.4799725264310837,0.3842242620885372,0.09574826154857874,
3,260819,mixed,MIXED,CNN_RNND,7613,0.36565590277314186,0.307985857129097,0.05767005030065775,
3,260819,mixed,MIXED,CNN_RNND,7614,0.498361773788929,0.3963899463415146,0.1019718311727047,
3,260819,mixed,MIXED,CNN_RNND,7615,0.3765854723751545,0.3061975724995136,0.07038790441583842,
3,260819,mixed,MIXED,CNN_RNND,7616,0.42909015715122223,0.34942223131656647,0.07966792490333319,
3,260819,mixed,MIXED,CNN_RNND,7617,0.4183132089674473,0.3438141420483589,0.07449907064437866,
3,260819,mixed,MIXED,CNN_RNND,7618,0.3966139517724514,0.3286545090377331,0.06795943342149258,
3,260819,mixed,MIXED,CNN_RNND,7619,0.43063682317733765,0.35446319729089737,0.0761736249551177,
3,260819,mixed,MIXED,CNN_RNND,7620,0.5674676969647408,0.4558265805244446,0.11164111085236073,
3,260819,mixed,MIXED,CNN_RNND,7621,0.47431541979312897,0.3837198242545128,0.09059560112655163,
3,260819,mixed,MIXED,CNN_RNND,7622,0.3269711472094059,0.27446234598755836,0.05250879714731127,
3,260819,mixed,MIXED,CNN_RNND,7623,0.3064412847161293,0.2569492273032665,0.049492054618895054,
3,260819,mixed,MIXED,CNN_RNND,7624,0.5764495730400085,0.4574389234185219,0.11901063658297062,
3,260819,mixed,MIXED,CNN_RNND,7625,0.4662889093160629,0.37589141353964806,0.09039749810472131,
3,260819,mixed,MIXED,CNN_RNND,7626,0.4014607220888138,0.32746144384145737,0.07399927475489676,
3,260819,mixed,MIXED,CNN_RNND,7627,0.4886663779616356,0.39645155519247055,0.09221483301371336,
3,260819,mixed,MIXED,CNN_RNND,7628,0.4509204961359501,0.3705219142138958,0.08039857819676399,
3,260819,mixed,MIXED,CNN_RNND,7629,0.5036418959498405,0.40782684832811356,0.09581505320966244,
3,260819,mixed,MIXED,CNN_RNND,7630,0.44601699337363243,0.3647785522043705,0.08123843220528215,
3,260819,mixed,MIXED,CNN_RNND,7631,0.4161403737962246,0.3418441638350487,0.07429621880874038,
3,260819,mixed,MIXED,CNN_RNND,7632,0.33317920565605164,0.2808696236461401,0.05230958524043672,
3,260819,mixed,MIXED,CNN_RNND,7633,0.33260833099484444,0.2811529189348221,0.05145541508682072,
3,260819,mixed,MIXED,CNN_RNND,7634,0.24402856826782227,0.2139719519764185,0.030056617979425937,
3,260819,mixed,MIXED,CNN_RNND,7635,0.33776309713721275,0.2855483368039131,0.05221476498991251,
3,260819,mixed,MIXED,CNN_RNND,7636,0.33852555975317955,0.28260910883545876,0.05591645324602723,
3,260819,mixed,MIXED,CNN_RNND,7637,0.44526106119155884,0.3655425012111664,0.07971856219228357,
3,260819,mixed,MIXED,CNN_RNND,7638,0.4268234260380268,0.34989627450704575,0.07692715874873102,
3,260819,mixed,MIXED,CNN_RNND,7639,0.4620432183146477,0.37862496078014374,0.08341825194656849,
3,260819,mixed,MIXED,CNN_RNND,7640,0.39944586157798767,0.32187121361494064,0.0775746488943696,
3,260819,mixed,MIXED,CNN_RNND,7641,0.5000784173607826,0.400995884090662,0.09908252861350775,
3,260819,mixed,MIXED,CNN_RNND,7642,0.3898833282291889,0.3260151222348213,0.06386820832267404,
3,260819,mixed,MIXED,CNN_RNND,7643,0.5022457242012024,0.4064222276210785,0.09582350961863995,
3,260819,mixed,MIXED,CNN_RNND,7644,0.3888424187898636,0.3230559900403023,0.06578642129898071,
3,260819,mixed,MIXED,CNN_RNND,7645,0.43909166753292084,0.3547599986195564,0.08433167729526758,
3,260819,mixed,MIXED,CNN_RNND,7646,0.36644261330366135,0.3101414702832699,0.05630115093663335,
3,260819,mixed,MIXED,CNN_RNND,7647,0.36595759354531765,0.3038969337940216,0.06206067022867501,
3,260819,mixed,MIXED,CNN_RNND,7648,0.5278538689017296,0.42642897367477417,0.10142490826547146,
3,260819,mixed,MIXED,CNN_RNND,7649,0.5258588865399361,0.4198044165968895,0.10605447925627232,
3,260819,mixed,MIXED,CNN_RNND,7650,0.47968969494104385,0.38850899413228035,0.09118069522082806,
3,260819,mixed,MIXED,CNN_RNND,7651,0.2779160812497139,0.23658647388219833,0.04132959945127368,
3,260819,mixed,MIXED,CNN_RNND,7652,0.3743367865681648,0.3106282278895378,0.06370855635032058,
3,260819,mixed,MIXED,CNN_RNND,7653,0.28665709495544434,0.23884384520351887,0.047813242534175515,
3,260819,mixed,MIXED,CNN_RNND,7654,0.48026879876852036,0.39041125774383545,0.0898575484752655,
3,260819,mixed,MIXED,CNN_RNND,7655,0.31151897832751274,0.26194795966148376,0.04957102288608439,
3,260819,mixed,MIXED,CNN_RNND,7656,0.4512273482978344,0.3643190339207649,0.08690832112915814,
3,260819,mixed,MIXED,CNN_RNND,7657,0.5476700738072395,0.444314144551754,0.10335592739284039,
3,260819,mixed,MIXED,CNN_RNND,7658,0.3798132613301277,0.31874681636691093,0.06106644752435386,
3,260819,mixed,MIXED,CNN_RNND,7659,0.5508755892515182,0.44280262291431427,0.10807297378778458,
3,260819,mixed,MIXED,CNN_RNND,7660,0.5500036254525185,0.42396706342697144,0.12603655830025673,
3,260819,mixed,MIXED,CNN_RNND,7661,0.5491561368107796,0.43789345771074295,0.11126268748193979,
3,260819,mixed,MIXED,CNN_RNND,7662,0.26658644154667854,0.22790873516350985,0.0386777029489167,
3,260819,mixed,MIXED,CNN_RNND,7663,0.4064900055527687,0.3428536169230938,0.06363639608025551,
3,260819,mixed,MIXED,CNN_RNND,7664,0.3200477212667465,0.27032526582479477,0.04972246300894767,
3,260819,mixed,MIXED,CNN_RNND,7665,0.3507798984646797,0.29722604900598526,0.053553848061710596,
3,260819,mixed,MIXED,CNN_RNND,7666,0.4380120523273945,0.3555111289024353,0.08250091085210443,
3,260819,mixed,MIXED,CNN_RNND,7667,0.3387409560382366,0.28091759607195854,0.05782336834818125,
3,260819,mixed,MIXED,CNN_RNND,7668,0.5812764912843704,0.46142665296792984,0.11984983831644058,
3,260819,mixed,MIXED,CNN_RNND,7669,0.35140311904251575,0.29427153058350086,0.05713159102015197,
3,260819,mixed,MIXED,CNN_RNND,7670,0.32431691884994507,0.2722989395260811,0.05201797839254141,
3,260819,mixed,MIXED,CNN_RNND,7671,0.5993085205554962,0.48024827241897583,0.11906022671610117,
3,260819,mixed,MIXED,CNN_RNND,7672,0.21721595898270607,0.1905178725719452,0.026698081521317363,
3,260819,mixed,MIXED,CNN_RNND,7673,0.6058580726385117,0.47893134504556656,0.12692674063146114,
3,260819,mixed,MIXED,CNN_RNND,7674,0.37267298996448517,0.3076295219361782,0.06504347920417786,
3,260819,mixed,MIXED,CNN_RNND,7675,0.4143832493573427,0.33532981015741825,0.07905344513710588,
3,260819,mixed,MIXED,CNN_RNND,7676,0.30908067524433136,0.25884485989809036,0.05023580905981362,
3,260819,mixed,MIXED,CNN_RNND,7677,0.4756074734032154,0.3846583589911461,0.09094911394640803,
3,260819,mixed,MIXED,CNN_RNND,7678,0.32579854130744934,0.2733472902327776,0.05245124886278063,
3,260819,mixed,MIXED,CNN_RNND,7679,0.36654266715049744,0.30417538061738014,0.062367276288568974,
3,260819,mixed,MIXED,CNN_RNND,7680,0.2658691108226776,0.22631512209773064,0.03955398502876051,
3,260819,mixed,MIXED,CNN_RNND,7681,0.4471169374883175,0.36386362463235855,0.08325331378728151,
3,260819,mixed,MIXED,CNN_RNND,7682,0.4810463022440672,0.3790664691478014,0.1019798421766609,
3,260819,mixed,MIXED,CNN_RNND,7683,0.5697829723358154,0.4541781470179558,0.11560483742505312,
3,260819,mixed,MIXED,CNN_RNND,7684,0.34353602677583694,0.29023362696170807,0.053302401676774025,
3,260819,mixed,MIXED,CNN_RNND,7685,0.4824537169188261,0.3844459466636181,0.09800777211785316,
3,260819,mixed,MIXED,CNN_RNND,7686,0.42641862481832504,0.34799596667289734,0.07842264790087938,
3,260819,mixed,MIXED,CNN_RNND,7687,0.4671472832560539,0.3841273710131645,0.08301990572363138,
3,260819,mixed,MIXED,CNN_RNND,7688,0.411555752158165,0.3366997316479683,0.07485602516680956,
3,260819,mixed,MIXED,CNN_RNND,7689,0.359326284378767,0.3052370510995388,0.0540892262943089,
3,260819,mixed,MIXED,CNN_RNND,7690,0.37571973726153374,0.3052540719509125,0.07046566950157285,
3,260819,mixed,MIXED,CNN_RNND,7691,0.5653350204229355,0.4501122646033764,0.11522274184972048,
3,260819,mixed,MIXED,CNN_RNND,7692,0.4421819671988487,0.35581744834780693,0.08636451233178377,
3,260819,mixed,MIXED,CNN_RNND,7693,0.4145470857620239,0.3435053266584873,0.07104175351560116,
3,260819,mixed,MIXED,CNN_RNND,7694,0.25502458587288857,0.22607096284627914,0.028953627683222294,
3,260819,mixed,MIXED,CNN_RNND,7695,0.23654748871922493,0.21365922689437866,0.022888263454660773,
3,260819,mixed,MIXED,CNN_RNND,7696,0.4097203351557255,0.33457939326763153,0.07514093955978751,
3,260819,mixed,MIXED,CNN_RNND,7697,0.2011781670153141,0.17569959349930286,0.025478570380073506,
3,260819,mixed,MIXED,CNN_RNND,7698,0.28109972923994064,0.24088393338024616,0.040215797314886004,
3,260819,mixed,MIXED,CNN_RNND,7699,0.3319641798734665,0.2792672663927078,0.052696917206048965,
3,260819,mixed,MIXED,CNN_RNND,7700,0.4148680344223976,0.3395155519247055,0.07535248063504696,
3,260819,mixed,MIXED,CNN_RNND,7701,0.49678627774119377,0.40253040194511414,0.09425588045269251,
3,260819,mixed,MIXED,CNN_RNND,7702,0.4615824371576309,0.37559686601161957,0.08598558185622096,
3,260819,mixed,MIXED,CNN_RNND,7703,0.3707093754783273,0.3018745956942439,0.06883478198142257,
3,260819,mixed,MIXED,CNN_RNND,7704,0.3932047635316849,0.32475896179676056,0.06844580732285976,
3,260819,mixed,MIXED,CNN_RNND,7705,0.3973473943769932,0.32462354004383087,0.07272386201657355,
3,260819,mixed,MIXED,CNN_RNND,7706,0.45707646012306213,0.36829155683517456,0.08878490515053272,
3,260819,mixed,MIXED,CNN_RNND,7707,0.42923153191804886,0.3528876192867756,0.0763439170550555,
3,260819,mixed,MIXED,CNN_RNND,7708,0.35882556810975075,0.29689358174800873,0.061931989155709743,
3,260819,mixed,MIXED,CNN_RNND,7709,0.41689081862568855,0.34664132446050644,0.07024950068444014,
3,260819,mixed,MIXED,CNN_RNND,7710,0.42559975385665894,0.3495863676071167,0.07601338112726808,
3,260819,mixed,MIXED,CNN_RNND,7711,0.4019326753914356,0.3264424577355385,0.07549021812155843,
3,260819,mixed,MIXED,CNN_RNND,7712,0.4468854293227196,0.37117528915405273,0.07571015227586031,
3,260819,mixed,MIXED,CNN_RNND,7713,0.47995560616254807,0.38947778940200806,0.09047782048583031,
3,260819,mixed,MIXED,CNN_RNND,7714,0.275929793715477,0.23222746700048447,0.04370232147630304,
3,260819,mixed,MIXED,CNN_RNND,7715,0.5765309631824493,0.45658233761787415,0.1199486292898655,
3,260819,mixed,MIXED,CNN_RNND,7716,0.4675484374165535,0.37714067101478577,0.09040777664631605,
3,260819,mixed,MIXED,CNN_RNND,7717,0.45729077607393265,0.3771199509501457,0.08017082884907722,
3,260819,mixed,MIXED,CNN_RNND,7718,0.3685637600719929,0.3047257661819458,0.06383799016475677,
3,260819,mixed,MIXED,CNN_RNND,7719,0.37378209084272385,0.3106527775526047,0.06312931410502642,
3,260819,mixed,MIXED,CNN_RNND,7720,0.4975672960281372,0.40241341292858124,0.09515387937426567,
3,260819,mixed,MIXED,CNN_RNND,7721,0.47107653319835663,0.3858053646981716,0.08527115732431412,
3,260819,mixed,MIXED,CNN_RNND,7722,0.30451344326138496,0.2587962672114372,0.045717182802036405,
3,260819,mixed,MIXED,CNN_RNND,7723,0.5206347703933716,0.4238809645175934,0.09675380401313305,
3,260819,mixed,MIXED,CNN_RNND,7724,0.3503296785056591,0.2880556508898735,0.062274031806737185,
3,260819,mixed,MIXED,CNN_RNND,7725,0.48308246582746506,0.3927276134490967,0.09035486169159412,
3,260819,mixed,MIXED,CNN_RNND,7726,0.4591496139764786,0.37358108535408974,0.08556851698085666,
3,260819,mixed,MIXED,CNN_RNND,7727,0.3783094622194767,0.3154434561729431,0.06286600581370294,
3,260819,mixed,MIXED,CNN_RNND,7728,0.4674442559480667,0.37328898161649704,0.09415527890087105,
3,260819,mixed,MIXED,CNN_RNND,7729,0.42371905595064163,0.3501884713768959,0.07353057712316513,
3,260819,mixed,MIXED,CNN_RNND,7730,0.28389979898929596,0.24327249266207218,0.04062730469740927,
3,260819,mixed,MIXED,CNN_RNND,7731,0.46474073082208633,0.37822673842310905,0.08651399752125144,
3,260819,mixed,MIXED,CNN_RNND,7732,0.486720472574234,0.38974474743008614,0.09697572782170027,
3,260819,mixed,MIXED,CNN_RNND,7733,0.3646961599588394,0.3064149171113968,0.058281248435378075,
3,260819,mixed,MIXED,CNN_RNND,7734,0.3819057047367096,0.32051553949713707,0.06139016570523381,
3,260819,mixed,MIXED,CNN_RNND,7735,0.3844958059489727,0.31721092015504837,0.06728488858789206,
3,260819,mixed,MIXED,CNN_RNND,7736,0.39255937933921814,0.3273216784000397,0.06523770466446877,
3,260819,mixed,MIXED,CNN_RNND,7737,0.3013232946395874,0.2556999735534191,0.045623325975611806,
3,260819,mixed,MIXED,CNN_RNND,7738,0.35577547922730446,0.2990034371614456,0.056772041134536266,
3,260819,mixed,MIXED,CNN_RNND,7739,0.3710893765091896,0.31461941450834274,0.05646996106952429,
3,260819,mixed,MIXED,CNN_RNND,7740,0.48174241185188293,0.3896845579147339,0.092057840898633,
3,260819,mixed,MIXED,CNN_RNND,7741,0.4330468475818634,0.35845645517110825,0.07459039241075516,
3,260819,mixed,MIXED,CNN_RNND,7742,0.2985481098294258,0.2599964737892151,0.03855163534171879,
3,260819,mixed,MIXED,CNN_RNND,7743,0.39715997129678726,0.329790435731411,0.06736953742802143,
3,260819,mixed,MIXED,CNN_RNND,7744,0.33351654186844826,0.2789084054529667,0.054608134320005774,
3,260819,mixed,MIXED,CNN_RNND,7745,0.42128749936819077,0.34310147166252136,0.0781860277056694,
3,260819,mixed,MIXED,CNN_RNND,7746,0.39174360781908035,0.3284023217856884,0.06334128230810165,
3,260819,mixed,MIXED,CNN_RNND,7747,0.37018339708447456,0.3056809678673744,0.06450243480503559,
3,260819,mixed,MIXED,CNN_RNND,7748,0.3915870040655136,0.3259955793619156,0.06559143215417862,
3,260819,mixed,MIXED,CNN_RNND,7749,0.49469538033008575,0.4030521810054779,0.09164318442344666,
3,260819,mixed,MIXED,CNN_RNND,7750,0.4752172604203224,0.3881029263138771,0.08711434621363878,
3,260819,mixed,MIXED,CNN_RNND,7751,0.37952807545661926,0.31478941440582275,0.0647386685013771,
3,260819,mixed,MIXED,CNN_RNND,7752,0.37778905034065247,0.3138437755405903,0.06394526804797351,
3,260819,mixed,MIXED,CNN_RNND,7753,0.5715972259640694,0.4579485133290291,0.11364872567355633,
3,260819,mixed,MIXED,CNN_RNND,7754,0.4118882417678833,0.34458817914128304,0.0673000707756728,
3,260819,mixed,MIXED,CNN_RNND,7755,0.4392897207289934,0.3564097285270691,0.08287999164895155,
3,260819,mixed,MIXED,CNN_RNND,7756,0.4062325954437256,0.3329226076602936,0.07330997195094824,
3,260819,mixed,MIXED,CNN_RNND,7757,0.45200546085834503,0.3688468784093857,0.08315858338028193,
3,260819,mixed,MIXED,CNN_RNND,7758,0.39788221195340157,0.33167213574051857,0.06621006736531854,
3,260819,mixed,MIXED,CNN_RNND,7759,0.3631747979670763,0.30098478868603706,0.0621900069527328,
3,260819,mixed,MIXED,CNN_RNND,7760,0.37975867465138435,0.31789881736040115,0.06185985170304775,
3,260819,mixed,MIXED,CNN_RNND,7761,0.4825338050723076,0.3890411853790283,0.09349263459444046,
3,260819,mixed,MIXED,CNN_RNND,7762,0.4399947039783001,0.3603592664003372,0.07963544363155961,
3,260819,mixed,MIXED,CNN_RNND,7763,0.3827723078429699,0.3147256374359131,0.06804667646065354,
3,260819,mixed,MIXED,CNN_RNND,7764,0.4845408946275711,0.3912675306200981,0.09327336959540844,
3,260819,mixed,MIXED,CNN_RNND,7765,0.4899456650018692,0.39825474470853806,0.0916909221559763,
3,260819,mixed,MIXED,CNN_RNND,7766,0.31467186100780964,0.266360767185688,0.048311088379705325,
3,260819,mixed,MIXED,CNN_RNND,7767,0.3588710241019726,0.29598260298371315,0.06288842915091664,
3,260819,mixed,MIXED,CNN_RNND,7768,0.5695267543196678,0.4556683376431465,0.11385842226445675,
3,260819,mixed,MIXED,CNN_RNND,7769,0.2098417729139328,0.18652187660336494,0.023319893778534606,
3,260819,mixed,MIXED,CNN_RNND,7770,0.4463827759027481,0.36669645830988884,0.07968633621931076,
3,260819,mixed,MIXED,CNN_RNND,7771,0.5203807465732098,0.42482129111886024,0.09555946011096239,
3,260819,mixed,MIXED,CNN_RNND,7772,0.4061075672507286,0.34039265662431717,0.06571490503847599,
3,260819,mixed,MIXED,CNN_RNND,7773,0.4931061416864395,0.4006506875157356,0.0924554648809135,
3,260819,mixed,MIXED,CNN_RNND,7774,0.4208126589655876,0.3371104300022125,0.08370222756639123,
3,260819,mixed,MIXED,CNN_RNND,7775,0.5446855425834656,0.4404940530657768,0.10419149696826935,
3,260819,mixed,MIXED,CNN_RNND,7776,0.4858081340789795,0.389426302164793,0.09638181608170271,
3,260819,mixed,MIXED,CNN_RNND,7777,0.5220680795609951,0.41407832503318787,0.1079897372983396,
3,260819,mixed,MIXED,CNN_RNND,7778,0.25716513581573963,0.2238413281738758,0.033323807758279145,
3,260819,mixed,MIXED,CNN_RNND,7779,0.3427806533873081,0.28677789866924286,0.056002750527113676,
3,260819,mixed,MIXED,CNN_RNND,7780,0.27677474170923233,0.23839236050844193,0.03838238073512912,
3,260819,mixed,MIXED,CNN_RNND,7781,0.4352552108466625,0.3576187193393707,0.07763649430125952,
3,260819,mixed,MIXED,CNN_RNND,7782,0.31572677940130234,0.2668970674276352,0.048829713836312294,
3,260819,mixed,MIXED,CNN_RNND,7783,0.47984985262155533,0.38347354531288147,0.09637632500380278,
3,260819,mixed,MIXED,CNN_RNND,7784,0.38228442519903183,0.3160010688006878,0.06628334848210216,
3,260819,mixed,MIXED,CNN_RNND,7785,0.3529185354709625,0.2972937412559986,0.05562479607760906,
3,260819,mixed,MIXED,CNN_RNND,7786,0.45602915063500404,0.37343353033065796,0.08259561378508806,
3,260819,mixed,MIXED,CNN_RNND,7787,0.48310433328151703,0.3882439658045769,0.09486036188900471,
3,260819,mixed,MIXED,CNN_RNND,7788,0.36197463423013687,0.3038153648376465,0.05815926194190979,
3,260819,mixed,MIXED,CNN_RNND,7789,0.498884379863739,0.40714313089847565,0.09174125641584396,
3,260819,mixed,MIXED,CNN_RNND,7790,0.3251913785934448,0.2757249101996422,0.04946647025644779,
3,260819,mixed,MIXED,CNN_RNND,7791,0.4056764394044876,0.336153008043766,0.06952343555167317,
3,260819,mixed,MIXED,CNN_RNND,7792,0.3424881063401699,0.29103806987404823,0.05145003739744425,
3,260819,mixed,MIXED,CNN_RNND,7793,0.6652961298823357,0.5203357115387917,0.1449604257941246,
3,260819,mixed,MIXED,CNN_RNND,7794,0.45409321039915085,0.36957958713173866,0.08451362140476704,
3,260819,mixed,MIXED,CNN_RNND,7795,0.4205564931035042,0.34473735839128494,0.07581913855392486,
3,260819,mixed,MIXED,CNN_RNND,7796,0.21041691303253174,0.18738286197185516,0.023034046724205837,
3,260819,mixed,MIXED,CNN_RNND,7797,0.3755193129181862,0.31084492430090904,0.06467439141124487,
3,260819,mixed,MIXED,CNN_RNND,7798,0.493519090116024,0.39759882539510727,0.095920255407691,
3,260819,mixed,MIXED,CNN_RNND,7799,0.3622168153524399,0.29955119639635086,0.06266561709344387,
3,260819,mixed,MIXED,CNN_RNND,7800,0.47233299165964127,0.38111070916056633,0.09122228808701038,-1.1154967287038022
3,260819,mixed,MIXED,CNN_RNND,7801,0.4139527678489685,0.3389347940683365,0.0750179747119546,
3,260819,mixed,MIXED,CNN_RNND,7802,0.3048636168241501,0.2594798877835274,0.04538373602554202,
3,260819,mixed,MIXED,CNN_RNND,7803,0.3322272412478924,0.2732236944139004,0.059003546833992004,
3,260819,mixed,MIXED,CNN_RNND,7804,0.3737168498337269,0.31180471554398537,0.061912132892757654,
3,260819,mixed,MIXED,CNN_RNND,7805,0.31306578032672405,0.26141316443681717,0.051652613445185125,
3,260819,mixed,MIXED,CNN_RNND,7806,0.29100458696484566,0.24729999527335167,0.04370459169149399,
3,260819,mixed,MIXED,CNN_RNND,7807,0.37740573287010193,0.31763555854558945,0.059770168736577034,
3,260819,mixed,MIXED,CNN_RNND,7808,0.3726283013820648,0.31258996203541756,0.06003834353759885,
3,260819,mixed,MIXED,CNN_RNND,7809,0.3398144543170929,0.28399552032351494,0.05581893026828766,
3,260819,mixed,MIXED,CNN_RNND,7810,0.2533944472670555,0.22484396398067474,0.028550484217703342,
3,260819,mixed,MIXED,CNN_RNND,7811,0.3377026244997978,0.2833219803869724,0.05438063805922866,
3,260819,mixed,MIXED,CNN_RNND,7812,0.2927195131778717,0.24483513459563255,0.0478843817836605,
3,260819,mixed,MIXED,CNN_RNND,7813,0.4303496330976486,0.3552177846431732,0.0751318484544754,
3,260819,mixed,MIXED,CNN_RNND,7814,0.3542921543121338,0.28880561143159866,0.06548653321806341,
3,260819,mixed,MIXED,CNN_RNND,7815,0.4742971174418926,0.3800761327147484,0.09422099310904741,
3,260819,mixed,MIXED,CNN_RNND,7816,0.6532967835664749,0.5198434814810753,0.13345330581068993,
3,260819,mixed,MIXED,CNN_RNND,7817,0.32659540697932243,0.26963918656110764,0.05695623066276312,
3,260819,mixed,MIXED,CNN_RNND,7818,0.49270278215408325,0.39526763558387756,0.09743515029549599,
3,260819,mixed,MIXED,CNN_RNND,7819,0.5154903046786785,0.4178266301751137,0.09766366658732295,
3,260819,mixed,MIXED,CNN_RNND,7820,0.34086189791560173,0.28342380002141,0.057438102550804615,
3,260819,mixed,MIXED,CNN_RNND,7821,0.33593887835741043,0.28807055205106735,0.047868331894278526,
3,260819,mixed,MIXED,CNN_RNND,7822,0.24755553528666496,0.21830767020583153,0.029247871018014848,
3,260819,mixed,MIXED,CNN_RNND,7823,0.36408238857984543,0.3095751106739044,0.054507283959537745,
3,260819,mixed,MIXED,CNN_RNND,7824,0.3458689507097006,0.2885343208909035,0.05733463214710355,
3,260819,mixed,MIXED,CNN_RNND,7825,0.3133260980248451,0.26572907716035843,0.04759701853618026,
3,260819,mixed,MIXED,CNN_RNND,7826,0.4677753746509552,0.3802484944462776,0.08752688439562917,
3,260819,mixed,MIXED,CNN_RNND,7827,0.3579228073358536,0.2943931147456169,0.06352969916770235,
3,260819,mixed,MIXED,CNN_RNND,7828,0.3640066608786583,0.3049694187939167,0.059037236496806145,
3,260819,mixed,MIXED,CNN_RNND,7829,0.41580456495285034,0.33909958600997925,0.07670498406514525,
3,260819,mixed,MIXED,CNN_RNND,7830,0.37010682560503483,0.2999447397887707,0.07016208447748795,
3,260819,mixed,MIXED,CNN_RNND,7831,0.44041774421930313,0.35744692757725716,0.08297082548961043,
3,260819,mixed,MIXED,CNN_RNND,7832,0.401276670396328,0.33305857330560684,0.0682180980220437,
3,260819,mixed,MIXED,CNN_RNND,7833,0.3067127373069525,0.26067477464675903,0.04603795806178823,
3,260819,mixed,MIXED,CNN_RNND,7834,0.3437737040221691,0.2833208590745926,0.06045284681022167,
3,260819,mixed,MIXED,CNN_RNND,7835,0.5073400065302849,0.4098968356847763,0.09744317689910531,
3,260819,mixed,MIXED,CNN_RNND,7836,0.40398798882961273,0.33711542189121246,0.06687257438898087,
3,260819,mixed,MIXED,CNN_RNND,7837,0.3105050213634968,0.2639411762356758,0.046563848154619336,
3,260819,mixed,MIXED,CNN_RNND,7838,0.2829057611525059,0.24375880509614944,0.03914695745334029,
3,260819,mixed,MIXED,CNN_RNND,7839,0.42214392870664597,0.3476560562849045,0.07448786357417703,
3,260819,mixed,MIXED,CNN_RNND,7840,0.451643705368042,0.3687955513596535,0.08284815773367882,
3,260819,mixed,MIXED,CNN_RNND,7841,0.38282813876867294,0.311647804453969,0.07118033833103254,
3,260819,mixed,MIXED,CNN_RNND,7842,0.46063072234392166,0.3845083713531494,0.07612235564738512,
3,260819,mixed,MIXED,CNN_RNND,7843,0.22025344520807266,0.19424184411764145,0.026011602953076363,
3,260819,mixed,MIXED,CNN_RNND,7844,0.2877747416496277,0.24250374548137188,0.04527099302504212,
3,260819,mixed,MIXED,CNN_RNND,7845,0.4207264147698879,0.3361584395170212,0.0845679733902216,
3,260819,mixed,MIXED,CNN_RNND,7846,0.4834025278687477,0.392523929476738,0.09087860025465488,
3,260819,mixed,MIXED,CNN_RNND,7847,0.4158766344189644,0.3506854958832264,0.06519114598631859,
3,260819,mixed,MIXED,CNN_RNND,7848,0.2143940068781376,0.18821661546826363,0.026177388383075595,
3,260819,mixed,MIXED,CNN_RNND,7849,0.38682256266474724,0.3141729533672333,0.07264959439635277,
3,260819,mixed,MIXED,CNN_RNND,7850,0.4580003544688225,0.37705979496240616,0.08094056975096464,
3,260819,mixed,MIXED,CNN_RNND,7851,0.24978002533316612,0.21604454144835472,0.03373548062518239,
3,260819,mixed,MIXED,CNN_RNND,7852,0.34187612496316433,0.27829408273100853,0.0635820422321558,
3,260819,mixed,MIXED,CNN_RNND,7853,0.48956020921468735,0.3995659798383713,0.08999422937631607,
3,260819,mixed,MIXED,CNN_RNND,7854,0.29377739131450653,0.24652361869812012,0.04725377494469285,
3,260819,mixed,MIXED,CNN_RNND,7855,0.20249500684440136,0.1771201230585575,0.025374881995958276,
3,260819,mixed,MIXED,CNN_RNND,7856,0.539754793047905,0.42415816709399223,0.11559663247317076,
3,260819,mixed,MIXED,CNN_RNND,7857,0.4538225010037422,0.37239500880241394,0.08142749778926373,
3,260819,mixed,MIXED,CNN_RNND,7858,0.5423453897237778,0.428123876452446,0.11422150768339634,
3,260819,mixed,MIXED,CNN_RNND,7859,0.4876665621995926,0.3909662440419197,0.09670032281428576,
3,260819,mixed,MIXED,CNN_RNND,7860,0.6123542934656143,0.48576220124959946,0.12659211084246635,
3,260819,mixed,MIXED,CNN_RNND,7861,0.6719928681850433,0.5297230258584023,0.14226983860135078,
3,260819,mixed,MIXED,CNN_RNND,7862,0.39160071313381195,0.32911255583167076,0.062488158233463764,
3,260819,mixed,MIXED,CNN_RNND,7863,0.2716614156961441,0.23543573170900345,0.03622568992432207,
3,260819,mixed,MIXED,CNN_RNND,7864,0.6346719637513161,0.5033866837620735,0.13128528092056513,
3,260819,mixed,MIXED,CNN_RNND,7865,0.3206040821969509,0.2730773463845253,0.04752673744224012,
3,260819,mixed,MIXED,CNN_RNND,7866,0.32879640348255634,0.27946846187114716,0.04932793858461082,
3,260819,mixed,MIXED,CNN_RNND,7867,0.4683878719806671,0.3809167295694351,0.0874711461365223,
3,260819,mixed,MIXED,CNN_RNND,7868,0.558940701186657,0.4424765482544899,0.11646415293216705,
3,260819,mixed,MIXED,CNN_RNND,7869,0.27937961742281914,0.24141228571534157,0.037967323092743754,
3,260819,mixed,MIXED,CNN_RNND,7870,0.2241264432668686,0.19217801839113235,0.03194842487573624,
3,260819,mixed,MIXED,CNN_RNND,7871,0.3969304785132408,0.3227914087474346,0.07413905914290808,
3,260819,mixed,MIXED,CNN_RNND,7872,0.47529375553131104,0.38760871440172195,0.08768503461033106,
3,260819,mixed,MIXED,CNN_RNND,7873,0.5164721012115479,0.407451830804348,0.10902026481926441,
3,260819,mixed,MIXED,CNN_RNND,7874,0.5189896523952484,0.4102391451597214,0.10875049931928515,
3,260819,mixed,MIXED,CNN_RNND,7875,0.19594273529946804,0.1759956330060959,0.019947099266573787,
3,260819,mixed,MIXED,CNN_RNND,7876,0.44219716265797615,0.3624032139778137,0.07979394774883986,
3,260819,mixed,MIXED,CNN_RNND,7877,0.36696090921759605,0.30831431970000267,0.05864658975042403,
3,260819,mixed,MIXED,CNN_RNND,7878,0.44723326340317726,0.3658298924565315,0.0814033686183393,
3,260819,mixed,MIXED,CNN_RNND,7879,0.4401288628578186,0.3588227704167366,0.0813060812652111,
3,260819,mixed,MIXED,CNN_RNND,7880,0.3252213504165411,0.27101926133036613,0.05420207709539682,
3,260819,mixed,MIXED,CNN_RNND,7881,0.40426179114729166,0.332891833037138,0.07136995467590168,
3,260819,mixed,MIXED,CNN_RNND,7882,0.3200296238064766,0.2691555768251419,0.05087404977530241,
3,260819,mixed,MIXED,CNN_RNND,7883,0.5550909787416458,0.44469331204891205,0.11039766017347574,
3,260819,mixed,MIXED,CNN_RNND,7884,0.42803988605737686,0.349173154681921,0.0788667278829962,
3,260819,mixed,MIXED,CNN_RNND,7885,0.32174111530184746,0.27687302231788635,0.04486809344962239,
3,260819,mixed,MIXED,CNN_RNND,7886,0.5386280864477158,0.4331122115254402,0.10551587492227554,
3,260819,mixed,MIXED,CNN_RNND,7887,0.5592467784881592,0.45087526738643646,0.10837151482701302,
3,260819,mixed,MIXED,CNN_RNND,7888,0.47683966904878616,0.3889034390449524,0.08793622627854347,
3,260819,mixed,MIXED,CNN_RNND,7889,0.564372330904007,0.4476252943277359,0.11674703005701303,
3,260819,mixed,MIXED,CNN_RNND,7890,0.3152828570455313,0.2652815952897072,0.050001260795397684,
3,260819,mixed,MIXED,CNN_RNND,7891,0.3687521368265152,0.3073854148387909,0.06136671733111143,
3,260819,mixed,MIXED,CNN_RNND,7892,0.34663850627839565,0.28511546924710274,0.06152304372517392,
3,260819,mixed,MIXED,CNN_RNND,7893,0.39086808264255524,0.32453256472945213,0.06633551977574825,
3,260819,mixed,MIXED,CNN_RNND,7894,0.40783458948135376,0.340804286301136,0.06703029293566942,
3,260819,mixed,MIXED,CNN_RNND,7895,0.3803247734904289,0.3192385733127594,0.06108619086444378,
3,260819,mixed,MIXED,CNN_RNND,7896,0.40812041610479355,0.34038592129945755,0.06773449014872313,
3,260819,mixed,MIXED,CNN_RNND,7897,0.32763492688536644,0.27730068750679493,0.0503342451993376,
3,260819,mixed,MIXED,CNN_RNND,7898,0.41869112849235535,0.3468419462442398,0.07184918317943811,
3,260819,mixed,MIXED,CNN_RNND,7899,0.4569632187485695,0.37843404710292816,0.0785291651263833,
3,260819,mixed,MIXED,CNN_RNND,7900,0.4638564735651016,0.3791148215532303,0.08474165806546807,
3,260819,mixed,MIXED,CNN_RNND,7901,0.300519447773695,0.25305285025388,0.04746659551165067,
3,260819,mixed,MIXED,CNN_RNND,7902,0.38681333512067795,0.3215346485376358,0.06527868448756635,
3,260819,mixed,MIXED,CNN_RNND,7903,0.35532970912754536,0.2901712879538536,0.06515842844964936,
3,260819,mixed,MIXED,CNN_RNND,7904,0.2595355398952961,0.2215103954076767,0.0380251482129097,
3,260819,mixed,MIXED,CNN_RNND,7905,0.4215553253889084,0.3531147986650467,0.06844053044915199,
3,260819,mixed,MIXED,CNN_RNND,7906,0.47377923876047134,0.383213609457016,0.0905656423419714,
3,260819,mixed,MIXED,CNN_RNND,7907,0.43236832320690155,0.35240935534238815,0.07995896879583597,
3,260819,mixed,MIXED,CNN_RNND,7908,0.6520003974437714,0.5166143327951431,0.13538604974746704,
3,260819,mixed,MIXED,CNN_RNND,7909,0.34637177735567093,0.295105267316103,0.05126651097089052,
3,260819,mixed,MIXED,CNN_RNND,7910,0.4167833663523197,0.3473328575491905,0.06945051532238722,
3,260819,mixed,MIXED,CNN_RNND,7911,0.5268511548638344,0.4221354350447655,0.10471571981906891,
3,260819,mixed,MIXED,CNN_RNND,7912,0.23771385289728642,0.19870680570602417,0.03900705132400617,
3,260819,mixed,MIXED,CNN_RNND,7913,0.29806045070290565,0.25175122544169426,0.04630922854994424,
3,260819,mixed,MIXED,CNN_RNND,7914,0.4609325900673866,0.369963638484478,0.09096897020936012,
3,260819,mixed,MIXED,CNN_RNND,7915,0.23125233687460423,0.19540972635149956,0.035842611629050225,
3,260819,mixed,MIXED,CNN_RNND,7916,0.33170780539512634,0.28068721294403076,0.05102058872580528,
3,260819,mixed,MIXED,CNN_RNND,7917,0.41996181942522526,0.33918229304254055,0.08077951474115252,
3,260819,mixed,MIXED,CNN_RNND,7918,0.4203866608440876,0.33998457714915276,0.08040207531303167,
3,260819,mixed,MIXED,CNN_RNND,7919,0.3327268324792385,0.2830986697226763,0.04962816959596239,
3,260819,mixed,MIXED,CNN_RNND,7920,0.560291051864624,0.4453974887728691,0.11489357799291611,
3,260819,mixed,MIXED,CNN_RNND,7921,0.4592069089412689,0.37835659086704254,0.080850332044065,
3,260819,mixed,MIXED,CNN_RNND,7922,0.3182200454175472,0.2655010297894478,0.05271900910884142,
3,260819,mixed,MIXED,CNN_RNND,7923,0.3259948864579201,0.2755863070487976,0.05040857009589672,
3,260819,mixed,MIXED,CNN_RNND,7924,0.39284299686551094,0.3276035487651825,0.06523945543449372,
3,260819,mixed,MIXED,CNN_RNND,7925,0.5632165372371674,0.4512001499533653,0.11201639287173748,
3,260819,mixed,MIXED,CNN_RNND,7926,0.3100484311580658,0.2693234235048294,0.04072500392794609,
3,260819,mixed,MIXED,CNN_RNND,7927,0.5642996579408646,0.4521961733698845,0.11210348270833492,
3,260819,mixed,MIXED,CNN_RNND,7928,0.27352848649024963,0.23210351541638374,0.04142496921122074,
3,260819,mixed,MIXED,CNN_RNND,7929,0.4446355551481247,0.3593774698674679,0.08525808900594711,
3,260819,mixed,MIXED,CNN_RNND,7930,0.4537729173898697,0.3680408224463463,0.08573210146278143,
3,260819,mixed,MIXED,CNN_RNND,7931,0.43718215823173523,0.35652097314596176,0.08066118182614446,
3,260819,mixed,MIXED,CNN_RNND,7932,0.636784203350544,0.4944686144590378,0.1423155888915062,
3,260819,mixed,MIXED,CNN_RNND,7933,0.794728085398674,0.6139953285455704,0.18073276057839394,
3,260819,mixed,MIXED,CNN_RNND,7934,0.44186780229210854,0.36164911836385727,0.0802186852088198,
3,260819,mixed,MIXED,CNN_RNND,7935,0.4568936750292778,0.37400343641638756,0.08289023954421282,
3,260819,mixed,MIXED,CNN_RNND,7936,0.416560634970665,0.3399759866297245,0.07658464810810983,
3,260819,mixed,MIXED,CNN_RNND,7937,0.4796670004725456,0.38373982161283493,0.09592717001214623,
3,260819,mixed,MIXED,CNN_RNND,7938,0.5886793881654739,0.46505165845155716,0.12362771574407816,
3,260819,mixed,MIXED,CNN_RNND,7939,0.2760715037584305,0.24389049783349037,0.03218100359663367,
3,260819,mixed,MIXED,CNN_RNND,7940,0.294620618224144,0.25573231652379036,0.038888300536200404,
3,260819,mixed,MIXED,CNN_RNND,7941,0.2469063736498356,0.214582197368145,0.0323241762816906,
3,260819,mixed,MIXED,CNN_RNND,7942,0.45585690438747406,0.3728637993335724,0.08299310132861137,
3,260819,mixed,MIXED,CNN_RNND,7943,0.3698027729988098,0.313698161393404,0.056104611372575164,
3,260819,mixed,MIXED,CNN_RNND,7944,0.3803357221186161,0.3099802993237972,0.07035543024539948,
3,260819,mixed,MIXED,CNN_RNND,7945,0.40290310978889465,0.3346065394580364,0.06829657079651952,
3,260819,mixed,MIXED,CNN_RNND,7946,0.3876020424067974,0.32033590227365494,0.06726614222861826,
3,260819,mixed,MIXED,CNN_RNND,7947,0.21014421246945858,0.1882624588906765,0.021881754670175724,
3,260819,mixed,MIXED,CNN_RNND,7948,0.3766682054847479,0.30926789715886116,0.0674003059102688,
3,260819,mixed,MIXED,CNN_RNND,7949,0.24307121708989143,0.21091871336102486,0.03215250180801377,
3,260819,mixed,MIXED,CNN_RNND,7950,0.42720264196395874,0.351265374571085,0.07593726925551891,
3,260819,mixed,MIXED,CNN_RNND,7951,0.24293022230267525,0.21217503771185875,0.030755188781768084,
3,260819,mixed,MIXED,CNN_RNND,7952,0.34787504747509956,0.2920670360326767,0.055808013305068016,
3,260819,mixed,MIXED,CNN_RNND,7953,0.289436899125576,0.2461424022912979,0.0432945039938204,
3,260819,mixed,MIXED,CNN_RNND,7954,0.35758303478360176,0.3015498071908951,0.056033229222521186,
3,260819,mixed,MIXED,CNN_RNND,7955,0.3142436072230339,0.260641124099493,0.053602479631081223,
3,260819,mixed,MIXED,CNN_RNND,7956,0.39505014568567276,0.32410338893532753,0.0709467506967485,
3,260819,mixed,MIXED,CNN_RNND,7957,0.2744944170117378,0.23662060871720314,0.037873809109441936,
3,260819,mixed,MIXED,CNN_RNND,7958,0.3037898801267147,0.255905844271183,0.047884030907880515,
3,260819,mixed,MIXED,CNN_RNND,7959,0.3107620123773813,0.25818878412246704,0.052573229317204095,
3,260819,mixed,MIXED,CNN_RNND,7960,0.39671095460653305,0.32481854408979416,0.07189240702427924,
3,260819,mixed,MIXED,CNN_RNND,7961,0.2955958675593138,0.24442606419324875,0.05116979436570546,
3,260819,mixed,MIXED,CNN_RNND,7962,0.32272769510746,0.268459253013134,0.05426843021996319,
3,260819,mixed,MIXED,CNN_RNND,7963,0.3562740609049797,0.29968851432204247,0.05658554332330823,
3,260819,mixed,MIXED,CNN_RNND,7964,0.2920241020619869,0.2514442503452301,0.04057984659448266,
3,260819,mixed,MIXED,CNN_RNND,7965,0.36080870032310486,0.30360739678144455,0.05720130680128932,
3,260819,mixed,MIXED,CNN_RNND,7966,0.37654745019972324,0.3056233339011669,0.07092411140911281,
3,260819,mixed,MIXED,CNN_RNND,7967,0.3766709379851818,0.3148149102926254,0.061856025364249945,
3,260819,mixed,MIXED,CNN_RNND,7968,0.28140601981431246,0.24339456669986248,0.03801145840407116,
3,260819,mixed,MIXED,CNN_RNND,7969,0.318564610555768,0.2705947309732437,0.04796987818554044,
3,260819,mixed,MIXED,CNN_RNND,7970,0.3765110932290554,0.31265242397785187,0.06385866180062294,
3,260819,mixed,MIXED,CNN_RNND,7971,0.57570880651474,0.46153680980205536,0.11417200695723295,
3,260819,mixed,MIXED,CNN_RNND,7972,0.37481561303138733,0.3077213354408741,0.06709427945315838,
3,260819,mixed,MIXED,CNN_RNND,7973,0.42066440731287,0.34576308354735374,0.0749013340100646,
3,260819,mixed,MIXED,CNN_RNND,7974,0.4902282878756523,0.3991335853934288,0.09109470900148153,
3,260819,mixed,MIXED,CNN_RNND,7975,0.34640987403690815,0.28825869783759117,0.058151184814050794,
3,260819,mixed,MIXED,CNN_RNND,7976,0.3686730582267046,0.3036936353892088,0.06497941841371357,
3,260819,mixed,MIXED,CNN_RNND,7977,0.4259920306503773,0.3457551598548889,0.08023686916567385,
3,260819,mixed,MIXED,CNN_RNND,7978,0.3941377326846123,0.32752734422683716,0.06661038659512997,
3,260819,mixed,MIXED,CNN_RNND,7979,0.4661203771829605,0.38805311918258667,0.07806726731359959,
3,260819,mixed,MIXED,CNN_RNND,7980,0.4825631082057953,0.39135584980249405,0.09120725281536579,
3,260819,mixed,MIXED,CNN_RNND,7981,0.46023543551564217,0.37390872091054916,0.086326714605093,
3,260819,mixed,MIXED,CNN_RNND,7982,0.287642952054739,0.24536195024847984,0.04228100413456559,
3,260819,mixed,MIXED,CNN_RNND,7983,0.28223830834031105,0.2422141283750534,0.040024179266765714,
3,260819,mixed,MIXED,CNN_RNND,7984,0.40032267570495605,0.3268822878599167,0.07344039529561996,
3,260819,mixed,MIXED,CNN_RNND,7985,0.5169794782996178,0.4199424013495445,0.09703707927837968,
3,260819,mixed,MIXED,CNN_RNND,7986,0.31637142598629,0.26668496802449226,0.049686457961797714,
3,260819,mixed,MIXED,CNN_RNND,7987,0.3872538283467293,0.32233624160289764,0.06491758860647678,
3,260819,mixed,MIXED,CNN_RNND,7988,0.17113877460360527,0.15376796573400497,0.017370810615830123,
3,260819,mixed,MIXED,CNN_RNND,7989,0.3482199925929308,0.2935880459845066,0.05463194410549477,
3,260819,mixed,MIXED,CNN_RNND,7990,0.41700446978211403,0.3464166074991226,0.07058785762637854,
3,260819,mixed,MIXED,CNN_RNND,7991,0.3921213671565056,0.3235500566661358,0.06857130397111177,
3,260819,mixed,MIXED,CNN_RNND,7992,0.5101285129785538,0.4073192626237869,0.10280926898121834,
3,260819,mixed,MIXED,CNN_RNND,7993,0.473348043859005,0.3888041004538536,0.08454395132139325,
3,260819,mixed,MIXED,CNN_RNND,7994,0.47890931740403175,0.3848346695303917,0.09407464880496264,
3,260819,mixed,MIXED,CNN_RNND,7995,0.3807806521654129,0.3144199922680855,0.06636065244674683,
3,260819,mixed,MIXED,CNN_RNND,7996,0.43567824363708496,0.36068685352802277,0.0749913826584816,
3,260819,mixed,MIXED,CNN_RNND,7997,0.31274833157658577,0.26251645386219025,0.05023188050836325,
3,260819,mixed,MIXED,CNN_RNND,7998,0.40040336549282074,0.3326871953904629,0.06771616288460791,
3,260819,mixed,MIXED,CNN_RNND,7999,0.40099259838461876,0.33415939286351204,0.06683320365846157,
3,260819,mixed,MIXED,CNN_RNND,8000,0.46405337005853653,0.37572668492794037,0.08832666836678982,-1.1221081638608084
